ID,User_ID,Bot_Strategy,Accuracy
0,210,132,0.6017
12,210,132,0.4337
24,210,132,0.7745
40,210,132,0.6719
41,210,132,0.4970
44,210,132,0.7826
53,210,132,0.5183
59,210,132,0.8796
66,210,132,0.5563
69,210,132,0.6335
7430,211,132,0.4610
187,212,132,0.6664
592,212,132,0.8663
1565,212,132,0.9035
2033,212,132,0.7347
4586,212,132,0.8547
5943,212,132,0.7449
9024,212,132,0.7871
9028,212,132,0.6562
9036,212,132,0.4461
9039,212,132,0.4363
115,213,132,0.2760
337,213,132,0.4144
4663,213,132,0.6235
6076,213,132,0.8225
6195,213,132,0.9029
6461,213,132,0.8509
8770,213,132,0.7705
9723,213,132,0.8046
9727,213,132,0.2162
9729,213,132,0.8143
77,210,132,0.7333
80,210,132,0.6770
85,210,132,0.5058
89,210,132,0.2224
97,210,132,0.5551
104,210,132,0.8240
113,210,132,0.9265
132,210,132,0.4997
136,210,132,0.8710
141,210,132,0.9449
2690,211,132,0.4034
4526,211,132,0.8255
5282,211,132,0.2616
5390,211,132,0.8696
7034,211,132,0.8459
7431,211,132,0.7367
7435,211,132,0.5893
7440,211,132,0.5894
7442,211,132,0.4084
7447,211,132,0.8411
6727,212,132,0.7061
9042,212,132,0.8084
9045,212,132,0.6818
9054,212,132,0.8076
9737,213,132,0.8190
151,210,132,0.9375
158,210,132,0.4719
164,210,132,0.4694
167,210,132,0.1051
307,211,132,0.7454
1075,211,132,0.4169
7456,211,132,0.4109
7467,211,132,0.7873
7469,211,132,0.7449
7477,211,132,0.6587
7484,211,132,0.7512
7493,211,132,0.8018
7498,211,132,0.6946
7504,211,132,0.8468
347,212,132,0.6955
1404,212,132,0.8733
2297,212,132,0.7467
3972,212,132,0.7134
6572,212,132,0.8128
8100,212,132,0.7829
8918,212,132,0.2557
9060,212,132,0.7417
9065,212,132,0.8085
9082,212,132,0.9040
9741,213,132,0.7467
176,210,132,0.7426
186,210,132,0.8443
197,210,132,0.7073
201,210,132,0.3480
209,210,132,0.8560
218,210,132,0.7280
221,210,132,0.7514
225,210,132,0.8708
236,210,132,0.6421
237,210,132,0.6913
1321,211,132,0.7212
3171,211,132,0.3644
7510,211,132,0.8027
7512,211,132,0.7605
7519,211,132,0.7175
1076,212,132,0.4848
1463,212,132,0.3797
2101,212,132,0.8751
4017,212,132,0.7225
7053,212,132,0.8471
7173,212,132,0.6659
9093,212,132,0.7097
9096,212,132,0.5175
9105,212,132,0.6375
9107,212,132,0.8667
2154,213,132,0.3656
9746,213,132,0.2552
9753,213,132,0.7864
9755,213,132,0.7996
242,210,132,0.8924
251,210,132,0.5173
261,210,132,0.8222
266,210,132,0.5762
270,210,132,0.2965
281,210,132,0.1722
2807,211,132,0.2438
3131,211,132,0.7771
4575,211,132,0.7760
7524,211,132,0.8083
7528,211,132,0.1939
1186,212,132,0.4628
4417,212,132,0.4305
5736,212,132,0.2999
7923,212,132,0.7897
9113,212,132,0.7421
1910,213,132,0.8452
4135,213,132,0.5709
6261,213,132,0.8675
8676,213,132,0.7519
9094,213,132,0.7426
9329,213,132,0.7592
9348,213,132,0.5688
9445,213,132,0.7673
9760,213,132,0.6423
9764,213,132,0.6619
290,210,132,0.7917
292,210,132,0.7977
299,210,132,0.4548
306,210,132,0.3890
1495,211,132,0.8106
1542,211,132,0.8807
2193,211,132,0.8806
4984,211,132,0.2825
7540,211,132,0.7162
7543,211,132,0.5945
7549,211,132,0.6720
7551,211,132,0.6650
7558,211,132,0.6976
7562,211,132,0.8959
210,212,132,0.7375
2655,212,132,0.7654
4689,212,132,0.9011
4789,212,132,0.7786
6241,212,132,0.2036
7607,212,132,0.7998
8901,212,132,0.7741
9117,212,132,0.8184
9126,212,132,0.4902
9130,212,132,0.7899
271,213,132,0.4303
561,213,132,0.4115
763,213,132,0.6224
2739,213,132,0.3035
7005,213,132,0.1948
7311,213,132,0.8166
9255,213,132,0.6256
9776,213,132,0.5478
9779,213,132,0.7649
9782,213,132,0.8718
315,210,132,0.5124
329,210,132,0.6822
335,210,132,0.3988
343,210,132,0.5971
345,210,132,0.8251
364,210,132,0.7656
368,210,132,0.8052
375,210,132,0.7004
391,210,132,0.7903
394,210,132,0.5846
3384,211,132,0.9342
4816,211,132,0.7100
7143,211,132,0.3348
7166,211,132,0.9170
7573,211,132,0.8535
7583,211,132,0.6830
7585,211,132,0.8838
7596,211,132,0.4970
7600,211,132,0.7594
7606,211,132,0.7388
308,212,23,0.6668
1235,212,23,0.6917
2211,212,23,0.8028
7728,212,23,0.6831
8078,212,23,0.8494
9139,212,23,0.7576
9145,212,23,0.6561
9149,212,23,0.4511
9154,212,23,0.7344
9165,212,23,0.7774
4282,213,23,0.8483
6344,213,23,0.8862
7050,213,23,0.6983
7423,213,23,0.7653
9507,213,23,0.1760
9788,213,23,0.5833
9797,213,23,0.7912
9807,213,23,0.5581
9815,213,23,0.3506
9820,213,23,0.3524
404,210,23,0.6666
410,210,23,0.6840
419,210,23,0.5101
424,210,23,0.5596
430,210,23,0.8781
435,210,23,0.0994
442,210,23,0.4436
447,210,23,0.4111
453,210,23,0.9079
459,210,23,0.1986
7616,211,132,0.7928
7619,211,132,0.2713
7629,211,132,0.6275
560,212,23,0.4496
2698,212,23,0.7898
5794,212,23,0.6681
9176,212,23,0.6988
9194,212,23,0.7802
9199,212,23,0.7604
9207,212,23,0.4945
3027,213,23,0.0892
4111,213,23,0.8850
9177,213,23,0.8562
9685,213,23,0.6676
9826,213,23,0.2927
9831,213,23,0.2464
9835,213,23,0.7195
9841,213,23,0.7577
9852,213,23,0.3891
9860,213,23,0.5890
465,210,23,0.9019
476,210,23,0.4615
484,210,23,0.3781
491,210,23,0.5450
7636,211,132,0.7513
7640,211,132,0.6795
7650,211,132,0.7387
7654,211,132,0.4854
525,212,23,0.3494
9217,212,23,0.4440
5642,213,23,0.7305
9866,213,23,0.5462
498,210,23,0.3343
505,210,23,0.4574
515,210,23,0.3170
544,211,132,0.1953
4923,211,132,0.7577
7196,211,132,0.7304
7659,211,132,0.7805
7665,211,132,0.3157
1704,212,23,0.7341
2071,212,23,0.8278
4226,212,23,0.9039
4954,212,23,0.8828
5172,212,23,0.8143
7839,212,23,0.7845
9223,212,23,0.7766
9231,212,23,0.2095
9240,212,23,0.7559
9247,212,23,0.8565
1663,213,23,0.6971
9658,213,23,0.7242
524,210,23,0.5055
535,210,23,0.2820
1022,211,132,0.6486
2604,211,132,0.8300
3362,211,132,0.5556
5410,211,132,0.8530
6393,211,132,0.2303
6674,211,132,0.7906
7672,211,132,0.6798
7678,211,132,0.6241
7680,211,132,0.7223
7681,211,132,0.5054
762,212,107,0.6200
5461,212,107,0.8662
8893,212,107,0.7790
9254,212,107,0.7148
9258,212,107,0.7359
9266,212,107,0.7896
9270,212,107,0.7988
9274,212,107,0.3191
9278,212,107,0.8526
238,213,23,0.5604
9870,213,23,0.7371
543,210,23,0.7127
559,210,23,0.4767
567,210,23,0.7332
1894,211,132,0.6852
2165,211,132,0.7355
3651,211,132,0.1319
7682,211,132,0.9349
7687,211,132,0.7125
2342,212,43,0.7284
3957,212,43,0.7386
5292,212,43,0.4921
8105,212,43,0.7585
9287,212,43,0.8137
9292,212,43,0.8008
9297,212,43,0.7840
9302,212,43,0.3582
9311,212,43,0.7111
3791,213,23,0.4232
7225,213,23,0.3587
572,210,23,0.6775
580,210,23,0.3712
591,210,23,0.8220
602,210,23,0.8310
610,210,23,0.8519
618,210,23,0.5809
625,210,23,0.3697
1176,211,132,0.5578
3583,211,132,0.8824
3857,211,132,0.6794
7691,211,132,0.8633
7701,211,132,0.4478
7703,211,132,0.2730
7004,212,43,0.7759
7197,212,43,0.7766
9316,212,43,0.8057
9324,212,43,0.7868
460,213,23,0.4799
2551,213,23,0.8195
2650,213,23,0.6540
3293,213,23,0.7460
4684,213,23,0.2787
6131,213,23,0.6865
7499,213,23,0.7891
9876,213,23,0.5196
9882,213,23,0.4277
9889,213,23,0.6904
632,210,23,0.7649
642,210,23,0.8474
646,210,23,0.5575
1787,211,132,0.6799
5257,211,132,0.6685
7714,211,132,0.6774
7717,211,132,0.3420
227,212,43,0.6546
6840,212,43,0.7566
6908,212,43,0.7718
7321,212,43,0.7192
7620,212,43,0.2239
9328,212,43,0.7794
9339,212,43,0.6732
9347,212,43,0.7539
9352,212,43,0.7167
9359,212,43,0.7517
143,213,23,0.4590
816,213,23,0.4891
7948,213,23,0.7228
9200,213,23,0.6344
652,210,23,0.6600
664,210,23,0.7763
673,210,23,0.3499
2328,211,132,0.3407
7723,211,132,0.7596
7727,211,132,0.2198
7413,212,43,0.6169
7529,212,43,0.7668
8090,212,43,0.7819
9370,212,43,0.6728
9379,212,43,0.7944
9381,212,43,0.6695
9390,212,43,0.7074
9400,212,43,0.8083
4903,213,23,0.7720
9895,213,23,0.7869
9905,213,23,0.7107
9917,213,23,0.6796
681,210,23,0.6212
691,210,23,0.7704
1832,211,132,0.6512
5334,211,132,0.5510
6423,211,132,0.8038
7736,211,132,0.7620
7739,211,132,0.7922
6412,212,43,0.6473
6978,212,43,0.7124
9407,212,43,0.3812
643,213,23,0.7816
3834,213,23,0.3189
4291,213,23,0.8781
696,210,23,0.7183
703,210,23,0.8593
711,210,23,0.0990
226,211,132,0.6631
1145,211,132,0.7262
2620,211,132,0.7729
3604,211,132,0.7040
4007,211,132,0.7772
7746,211,132,0.7912
7749,211,132,0.5292
7763,211,132,0.8046
7768,211,132,0.2856
7779,211,132,0.8037
369,212,43,0.7617
2953,212,43,0.7011
4939,212,43,0.6575
8615,212,43,0.7777
9412,212,43,0.7958
9415,212,43,0.8096
9421,212,43,0.5212
9426,212,43,0.8014
9435,212,43,0.8123
2352,213,23,0.6905
9924,213,23,0.1542
9932,213,23,0.2362
720,210,23,0.7330
725,210,23,0.5935
730,210,23,0.7282
5134,211,132,0.4458
7784,211,132,0.7399
8847,212,17,0.2791
9444,212,17,0.5709
9934,213,23,0.6344
9939,213,23,0.3479
9948,213,23,0.7367
738,210,23,0.7433
752,210,23,0.8661
761,210,23,0.8528
772,210,23,0.9103
778,210,23,0.9295
785,210,23,0.1228
797,210,23,0.9338
800,210,23,0.6278
806,210,23,0.9246
810,210,23,0.9443
6336,211,132,0.6552
6977,211,132,0.4542
7787,211,132,0.8520
7796,211,132,0.6166
7799,211,132,0.8790
7809,211,132,0.2824
7813,211,132,0.5401
3652,212,17,0.4265
9455,212,17,0.3465
3700,213,23,0.1742
6445,213,23,0.8738
9951,213,23,0.8643
9956,213,23,0.8880
815,210,23,0.9013
821,210,23,0.1116
2430,211,132,0.7239
2897,211,132,0.8007
5202,211,132,0.6034
7817,211,132,0.7558
7827,211,132,0.7606
7829,211,132,0.6912
7838,211,132,0.6672
7846,211,132,0.8021
7848,211,132,0.7897
4860,212,17,0.7453
9462,212,17,0.6380
9466,212,17,0.5764
2890,213,23,0.4934
6611,213,23,0.3755
833,210,23,0.7371
837,210,23,0.3457
842,210,23,0.3187
851,210,23,0.4619
855,210,23,0.3700
860,210,23,0.2268
866,210,23,0.2567
870,210,23,0.4851
877,210,23,0.7939
884,210,23,0.7268
2058,211,132,0.8064
3645,211,132,0.8083
5971,211,132,0.7856
7858,211,132,0.7712
7863,211,132,0.6317
7871,211,132,0.8100
6460,212,17,0.3047
9018,212,17,0.7583
9475,212,17,0.7923
2267,213,23,0.6176
3331,213,23,0.7465
9962,213,23,0.7599
9971,213,23,0.8010
9980,213,23,0.6736
897,210,23,0.6447
904,210,23,0.6449
909,210,23,0.7520
4788,211,132,0.6063
5291,211,132,0.5244
6839,211,132,0.7834
7879,211,132,0.6064
7889,211,132,0.7994
7893,211,132,0.7183
7903,211,132,0.6728
7910,211,132,0.8046
7913,211,132,0.6401
7922,211,132,0.7897
626,212,17,0.3478
786,212,17,0.6104
1177,212,17,0.2252
2826,212,17,0.9325
3349,212,17,0.9295
6766,212,17,0.9166
7574,212,17,0.9291
9483,212,17,0.8590
9485,212,17,0.9400
9492,212,17,0.3085
3160,213,23,0.7660
9985,213,23,0.5757
915,210,23,0.3397
919,210,23,0.2053
926,210,23,0.2960
935,210,23,0.7770
940,210,23,0.2880
947,210,23,0.5844
952,210,23,0.2980
955,210,23,0.1537
961,210,23,0.4474
969,210,23,0.4377
3071,211,132,0.7634
6167,211,132,0.7476
7220,211,132,0.6401
7924,211,132,0.7452
7928,211,132,0.5798
7934,211,132,0.6844
7940,211,132,0.5481
9500,212,17,0.4197
9506,212,17,0.3631
953,213,23,0.7061
9990,213,23,0.6802
9996,213,23,0.3213
10003,213,23,0.1795
978,210,23,0.8710
994,210,23,0.7544
1005,210,23,0.8634
1015,210,23,0.5075
1021,210,23,0.4799
1029,210,23,0.7974
1034,210,23,0.1871
1044,210,23,0.6041
1047,210,23,0.7696
1054,210,23,0.5018
4778,211,132,0.3297
7947,211,132,0.7201
5135,212,17,0.1621
9515,212,17,0.2500
3124,213,23,0.7438
3236,213,23,0.7717
3263,213,23,0.7617
4550,213,23,0.7489
5233,213,23,0.7936
9715,213,23,0.7780
10017,213,23,0.8104
10024,213,23,0.2098
10028,213,23,0.5215
1061,210,23,0.8187
1071,210,23,0.7702
1074,210,23,0.4528
1086,210,23,0.6284
346,211,132,0.3737
4194,211,132,0.8568
7955,211,132,0.7248
7958,211,132,0.8057
7969,211,132,0.6792
7971,211,132,0.3682
5203,212,17,0.7281
6951,212,17,0.8687
8059,212,17,0.5664
9525,212,17,0.7321
9533,212,17,0.3352
9537,212,17,0.8555
9546,212,17,0.6835
9552,212,17,0.6226
9560,212,17,0.0751
159,213,107,0.7834
411,213,107,0.6306
3481,213,107,0.7764
7248,213,107,0.7304
10034,213,107,0.7908
10038,213,107,0.5806
10043,213,107,0.7154
10045,213,107,0.7412
10051,213,107,0.2069
10055,213,107,0.5980
1096,210,23,0.3042
1101,210,23,0.7775
1110,210,23,0.8024
1116,210,23,0.8025
1123,210,23,0.7876
1133,210,23,0.7787
1144,210,23,0.2640
1152,210,23,0.7965
1162,210,23,0.2178
1170,210,23,0.4134
1638,211,132,0.6041
3307,211,132,0.6877
4764,211,132,0.6816
7363,211,132,0.5357
7979,211,132,0.8038
7981,211,132,0.8144
7985,211,132,0.8151
7989,211,132,0.8186
7993,211,132,0.8246
8000,211,132,0.8242
3314,212,17,0.1743
7334,212,17,0.6194
395,213,107,0.4378
2699,213,107,0.5685
5864,213,107,0.6915
7788,213,107,0.7138
9037,213,107,0.6704
10064,213,107,0.7237
10066,213,107,0.7870
10071,213,107,0.8099
10073,213,107,0.5908
1175,210,23,0.7949
1185,210,23,0.8074
3762,211,132,0.6612
8002,211,132,0.8169
8005,211,132,0.8005
3858,212,17,0.5074
4796,212,17,0.1367
9564,212,17,0.7683
9569,212,17,0.8069
3065,213,43,0.7708
3605,213,43,0.7456
3806,213,43,0.3321
10077,213,43,0.1849
10080,213,43,0.5387
10087,213,43,0.7146
10093,213,43,0.3544
1193,210,23,0.6896
1200,210,23,0.7654
1211,210,23,0.6699
1219,210,23,0.8008
1228,210,23,0.7862
8012,211,132,0.6639
8015,211,132,0.7390
243,212,17,0.8247
3370,212,17,0.3843
3396,212,17,0.1972
6944,212,17,0.9138
8559,212,17,0.7503
9572,212,17,0.9296
9585,212,17,0.2833
9595,212,17,0.8919
9599,212,17,0.8330
2775,213,43,0.6940
2928,213,43,0.6536
10101,213,43,0.8001
10103,213,43,0.7989
1234,210,23,0.6989
1242,210,23,0.7397
1250,210,23,0.2744
941,211,132,0.6786
1087,211,132,0.5138
1770,211,132,0.5419
4836,211,132,0.4517
8022,211,132,0.7416
8025,211,132,0.6676
8027,211,132,0.7273
8033,211,132,0.7781
336,212,17,0.5356
6110,212,17,0.7555
2988,213,43,0.7563
6490,213,43,0.2282
10113,213,43,0.7838
10116,213,43,0.7983
10127,213,43,0.7104
1255,210,23,0.7051
1260,210,23,0.7632
1266,210,23,0.5700
1271,210,23,0.2334
1282,210,23,0.7596
1296,210,23,0.3698
1303,210,23,0.8518
1313,210,23,0.8960
1320,210,23,0.8826
1329,210,23,0.9133
13,211,132,0.7537
5735,211,132,0.5427
6250,211,132,0.7823
8042,211,132,0.7918
8044,211,132,0.7947
8051,211,132,0.8036
114,212,17,0.5778
798,212,17,0.7065
3458,212,17,0.2502
8204,212,17,0.7835
370,213,43,0.7735
3976,213,43,0.3778
4128,213,43,0.8315
5903,213,43,0.3545
6521,213,43,0.5018
7586,213,43,0.8711
10136,213,43,0.5969
10139,213,43,0.7519
10145,213,43,0.7786
1338,210,23,0.5215
1345,210,23,0.8110
1359,210,23,0.3442
1368,210,23,0.8418
1371,210,23,0.6856
8058,211,132,0.6932
1909,212,17,0.7512
4238,212,17,0.5929
6329,212,17,0.8531
10153,213,17,0.6651
10159,213,17,0.2135
1378,210,23,0.7237
1384,210,23,0.6404
822,211,132,0.3412
1882,211,132,0.7614
4134,211,132,0.3041
6123,211,132,0.3049
8073,211,132,0.8019
8076,211,132,0.8041
8077,211,132,0.6079
8086,211,132,0.8008
8089,211,132,0.6865
8099,211,132,0.8015
3262,212,17,0.7231
4427,212,17,0.7014
2479,213,17,0.7418
5346,213,17,0.5162
10166,213,17,0.8555
1395,210,23,0.4841
1403,210,23,0.8101
1411,210,23,0.1164
1428,210,23,0.6217
861,211,23,0.6541
2130,211,23,0.7541
4902,211,23,0.8387
7330,211,23,0.1071
8104,211,23,0.5399
8118,211,23,0.8197
8122,211,23,0.8153
8127,211,23,0.7455
8134,211,23,0.3054
8143,211,23,0.8150
739,212,17,0.7178
2557,212,17,0.8574
5129,212,17,0.4535
7294,212,17,0.7600
7443,212,17,0.6636
8350,212,17,0.7552
9606,212,17,0.6309
9615,212,17,0.7628
9621,212,17,0.7842
9630,212,17,0.7430
4395,213,17,0.7454
6053,213,17,0.8309
10170,213,17,0.5512
10173,213,17,0.1490
1436,210,23,0.3981
45,211,23,0.2527
2944,211,23,0.6058
5539,211,23,0.3325
8148,211,23,0.6008
8155,211,23,0.2336
8162,211,23,0.6776
8169,211,23,0.3806
8171,211,23,0.6068
8179,211,23,0.2618
8188,211,23,0.5306
293,212,93,0.7985
9632,212,93,0.5363
9639,212,93,0.7925
9641,212,93,0.8031
9653,212,93,0.5676
9657,212,93,0.8045
9665,212,93,0.6709
9671,212,93,0.8083
6638,213,17,0.6298
10190,213,17,0.5894
1443,210,23,0.7299
1449,210,23,0.1678
2669,211,23,0.6449
3086,211,23,0.3074
4585,211,23,0.5363
5225,211,23,0.4829
6539,211,23,0.7642
8192,211,23,0.2526
8203,211,23,0.8121
8215,211,23,0.1819
8223,211,23,0.4152
8229,211,23,0.2098
5855,212,93,0.7887
9677,212,93,0.7965
7087,213,17,0.3251
10194,213,17,0.1564
1455,210,23,0.5955
1461,210,23,0.6545
1477,210,23,0.7692
1486,210,23,0.3573
1494,210,23,0.4433
1908,211,23,0.5013
2516,211,23,0.7906
4549,211,23,0.7154
7086,211,23,0.7843
8234,211,23,0.8107
8238,211,23,0.7904
8244,211,23,0.8050
8250,211,23,0.8169
8256,211,23,0.3968
8265,211,23,0.8130
698,212,93,0.2704
1331,212,93,0.7545
7144,212,93,0.7572
9684,212,93,0.7854
2978,213,17,0.6709
8728,213,17,0.7530
10203,213,17,0.6675
10207,213,17,0.5713
1502,210,23,0.6553
1506,210,23,0.6094
4677,211,23,0.4140
8272,211,23,0.7997
1202,212,93,0.7533
9693,212,93,0.7453
10214,213,17,0.7096
10219,213,17,0.4115
1510,210,23,0.7087
1514,210,23,0.5113
697,211,23,0.6965
4218,211,23,0.6811
4274,211,23,0.8619
4459,211,23,0.8964
5557,211,23,0.8308
6270,211,23,0.8554
8280,211,23,0.8456
8290,211,23,0.3061
8296,211,23,0.2285
8302,211,23,0.7872
2447,212,107,0.2368
6424,213,17,0.2675
10226,213,17,0.4691
1518,210,23,0.2588
1528,210,23,0.3134
5517,211,23,0.6582
6027,211,23,0.7288
8308,211,23,0.7031
6704,212,93,0.2724
6925,212,93,0.7552
1203,213,17,0.7428
8205,213,17,0.7714
10230,213,17,0.5906
1536,210,23,0.7160
1541,210,23,0.6930
1551,210,23,0.6654
1559,210,23,0.2217
1564,210,23,0.6832
1576,210,23,0.7603
1578,210,23,0.4822
1592,210,23,0.7489
1598,210,23,0.2293
1604,210,23,0.2370
90,211,23,0.2904
1330,211,23,0.8439
2390,211,23,0.8907
4882,211,23,0.8615
8317,211,23,0.9043
8324,211,23,0.9138
8329,211,23,0.9352
8334,211,23,0.8071
8342,211,23,0.9341
8349,211,23,0.9426
6379,212,93,0.7009
9698,212,93,0.2350
9705,212,93,0.3472
485,213,17,0.2677
10240,213,17,0.2367
1613,210,23,0.3590
1619,210,23,0.1659
1462,211,23,0.2756
2889,211,23,0.9235
4333,211,23,0.8117
4893,211,23,0.9314
5773,211,23,0.3622
5902,211,23,0.6628
8357,211,23,0.5704
8371,211,23,0.7225
8376,211,23,0.9230
8385,211,23,0.8238
376,212,93,0.8333
2238,212,93,0.8933
3490,212,93,0.8679
6667,212,93,0.7187
8706,212,93,0.5048
8884,212,93,0.5940
8983,212,93,0.8844
9711,212,93,0.3191
9714,212,93,0.5972
5160,213,17,0.6858
6046,213,17,0.2540
8230,213,17,0.7630
8578,213,17,0.6873
9622,213,17,0.8179
10247,213,17,0.7832
10253,213,17,0.8004
10263,213,17,0.8091
10268,213,17,0.1878
1629,210,23,0.5412
1637,210,23,0.3728
1651,210,23,0.8382
1662,210,23,0.8745
1666,210,23,0.5021
142,211,107,0.7736
3016,211,107,0.3932
3489,211,107,0.7885
4795,211,107,0.9082
5447,211,107,0.8665
5709,211,107,0.3247
8393,211,107,0.7882
8397,211,107,0.7205
8398,211,107,0.3333
8404,211,107,0.3762
3443,213,93,0.6631
6917,213,93,0.7435
7637,213,93,0.7535
7800,213,93,0.7926
10275,213,93,0.3833
10282,213,93,0.7811
10285,213,93,0.7824
10289,213,93,0.7569
10293,213,93,0.6094
10295,213,93,0.6191
3363,214,132,0.4943
5195,214,132,0.6485
5579,214,132,0.2903
6061,214,132,0.3615
6600,214,132,0.1308
6822,214,132,0.6715
8087,214,132,0.7620
8954,214,132,0.5221
10418,214,132,0.2124
10426,214,132,0.7374
1670,210,23,0.7275
1675,210,23,0.4858
1683,210,23,0.7198
1691,210,23,0.6816
1696,210,23,0.2798
8407,211,107,0.7499
8410,211,107,0.7033
8412,211,107,0.7634
8414,211,107,0.7914
8422,211,107,0.3519
8429,211,107,0.6233
8432,211,107,0.7929
8435,211,107,0.7580
8438,211,107,0.5515
8439,211,107,0.6839
5293,213,93,0.5778
10302,213,93,0.7582
14,214,132,0.7385
6054,214,132,0.8236
6612,214,132,0.8171
6675,214,132,0.6702
7417,214,132,0.7325
9208,214,132,0.7797
10431,214,132,0.7170
10434,214,132,0.8081
10438,214,132,0.7823
10444,214,132,0.4406
1703,210,23,0.7724
1712,210,23,0.7857
1722,210,23,0.7915
1727,210,23,0.7861
1734,210,23,0.7955
1738,210,23,0.2125
1744,210,23,0.7821
4345,211,107,0.7165
4594,211,107,0.8975
5166,211,107,0.8537
8445,211,107,0.7411
8448,211,107,0.8020
8450,211,107,0.8014
8452,211,107,0.7433
8456,211,107,0.8074
8458,211,107,0.3111
604,213,93,0.6778
8864,213,93,0.4214
10306,213,93,0.7725
10311,213,93,0.7240
10314,213,93,0.7715
1006,214,132,0.7162
1911,214,132,0.8549
2143,214,132,0.7896
3660,214,132,0.4963
7006,214,132,0.7940
10451,214,132,0.5303
10466,214,132,0.8019
10469,214,132,0.7676
10476,214,132,0.7531
10485,214,132,0.2422
1753,210,23,0.6929
1761,210,23,0.2370
1766,210,23,0.8362
1769,210,23,0.4714
1777,210,23,0.5930
1781,210,23,0.7334
1786,210,23,0.3219
5594,211,107,0.3045
1077,213,93,0.6378
10319,213,93,0.7833
282,214,132,0.6715
573,214,132,0.7681
3294,214,132,0.7882
10489,214,132,0.6592
10497,214,132,0.8052
10500,214,132,0.6600
10510,214,132,0.6889
10523,214,132,0.5470
10527,214,132,0.8239
10542,214,132,0.7928
1794,210,23,0.4908
1805,210,23,0.7769
1272,211,43,0.7814
5085,211,43,0.7366
5995,211,43,0.3759
8466,211,43,0.7816
8476,211,43,0.7797
8480,211,43,0.8002
8489,211,43,0.7648
8496,211,43,0.7088
8502,211,43,0.8136
8511,211,43,0.8173
581,213,93,0.5692
4311,213,93,0.5010
4690,213,93,0.1647
5098,213,93,0.3453
10328,213,93,0.4386
10330,213,93,0.7977
10345,213,93,0.5968
10347,213,93,0.7150
10352,213,93,0.7861
3885,214,132,0.6405
4894,214,132,0.7452
6522,214,132,0.6220
7054,214,132,0.7783
9486,214,132,0.7561
9906,214,132,0.7735
10544,214,132,0.2048
10547,214,132,0.6739
10555,214,132,0.7428
10563,214,132,0.1868
1811,210,23,0.5007
1816,210,23,0.7770
1831,210,23,0.6463
1842,210,23,0.7426
1849,210,23,0.7864
1855,210,23,0.5738
1864,210,23,0.6246
1873,210,23,0.6418
1881,210,23,0.8052
1890,210,23,0.5078
8516,211,43,0.3231
8519,211,43,0.8111
8523,211,43,0.8208
137,213,93,0.5777
634,213,93,0.8604
3056,213,93,0.7566
3078,213,93,0.8097
5996,213,93,0.4803
10360,213,93,0.7907
788,214,132,0.2946
823,214,132,0.3943
2439,214,132,0.7703
7552,214,132,0.4137
8377,214,132,0.8473
9106,214,132,0.7758
10567,214,132,0.8024
10577,214,132,0.8728
10589,214,132,0.7457
10591,214,132,0.8017
1893,210,23,0.7296
1902,210,23,0.6268
8525,211,43,0.2432
8531,211,43,0.7464
787,213,93,0.4991
8832,213,93,0.8670
10363,213,93,0.3459
10369,213,93,0.1555
300,214,23,0.7333
2280,214,23,0.8763
2571,214,23,0.5466
8206,214,23,0.5465
8231,214,23,0.5088
8807,214,23,0.9196
9382,214,23,0.9381
10593,214,23,0.8341
10602,214,23,0.8657
10612,214,23,0.9206
1907,210,23,0.7478
1923,210,23,0.7076
1926,210,23,0.4728
202,211,43,0.5920
3790,211,43,0.6191
5360,211,43,0.7154
8535,211,43,0.3624
8546,211,43,0.7192
8548,211,43,0.7370
8553,211,43,0.8021
8558,211,43,0.3124
8565,211,43,0.4796
8569,211,43,0.2213
10377,213,93,0.7475
10388,213,93,0.4339
562,214,23,0.7268
2979,214,23,0.9189
5391,214,23,0.9133
7130,214,23,0.4409
10619,214,23,0.5078
10622,214,23,0.5984
10627,214,23,0.1610
10634,214,23,0.7744
10643,214,23,0.6384
10651,214,23,0.2379
1934,210,23,0.6504
1936,210,23,0.1305
222,211,43,0.6091
956,211,43,0.8205
4555,211,43,0.7505
6321,211,43,0.6341
8577,211,43,0.6749
8591,211,43,0.8038
8594,211,43,0.7437
8601,211,43,0.8036
8605,211,43,0.1926
8614,211,43,0.3033
3763,213,93,0.2505
10395,213,93,0.2641
2245,214,23,0.3500
5787,214,23,0.7870
9178,214,23,0.6898
9861,214,23,0.2162
10656,214,23,0.3827
10665,214,23,0.5316
10670,214,23,0.2183
10676,214,23,0.3960
10684,214,23,0.1265
10689,214,23,0.6402
1942,210,23,0.7286
1951,210,23,0.2178
70,211,43,0.7843
885,211,43,0.7410
1201,211,43,0.7654
3709,211,43,0.7398
4850,211,43,0.7676
6898,211,43,0.6411
7276,211,43,0.7785
8621,211,43,0.8153
8625,211,43,0.5367
8634,211,43,0.7370
177,213,93,0.8221
653,213,93,0.8811
862,213,93,0.8902
2523,213,93,0.8972
3181,213,93,0.7747
4502,213,93,0.8817
6979,213,93,0.5295
10401,213,93,0.8806
10410,213,93,0.8938
753,214,23,0.8594
1903,214,23,0.8888
2705,214,23,0.9272
4485,214,23,0.5199
6643,214,23,0.6459
7587,214,23,0.9347
9232,214,23,0.8298
9248,214,23,0.9429
10697,214,23,0.9074
10702,214,23,0.9170
1957,210,23,0.4792
1963,210,23,0.7521
1968,210,23,0.4738
674,211,43,0.5893
1304,211,43,0.1659
3064,211,43,0.7596
3123,211,43,0.2380
5964,211,43,0.4190
8643,211,43,0.7456
8647,211,43,0.8049
8653,211,43,0.7983
8658,211,43,0.7139
8667,211,43,0.2344
499,214,23,0.5695
5669,214,23,0.3189
7158,214,23,0.1214
7818,214,23,0.8839
8180,214,23,0.7704
8189,214,23,0.7921
8481,214,23,0.7432
10094,214,23,0.7170
10706,214,23,0.6256
10711,214,23,0.9136
5972,215,132,0.3105
1976,210,23,0.3398
1982,210,23,0.3047
1988,210,23,0.7374
1795,211,43,0.7299
2578,211,43,0.8834
4968,211,43,0.6045
8675,211,43,0.2301
8679,211,43,0.2257
8680,211,43,0.8489
8687,211,43,0.5544
8690,211,43,0.6139
8692,211,43,0.6817
8694,211,43,0.8803
721,214,23,0.7258
927,214,23,0.7890
1943,214,23,0.9354
4556,214,23,0.8479
7122,214,23,0.7782
9303,214,23,0.9098
9972,214,23,0.4625
10715,214,23,0.9179
10719,214,23,0.9131
10726,214,23,0.8619
4293,215,132,0.8178
5336,215,132,0.8747
6573,215,132,0.8980
7747,215,132,0.3602
8848,215,132,0.9081
11332,215,132,0.3407
11801,215,132,0.2451
11805,215,132,0.9034
11811,215,132,0.7717
11818,215,132,0.4446
1991,210,23,0.7048
2000,210,23,0.7217
2009,210,23,0.7819
2021,210,23,0.6388
2025,210,23,0.2589
2032,210,23,0.5478
2040,210,23,0.6509
2047,210,23,0.7896
2927,211,43,0.3128
3971,211,43,0.4547
4290,211,43,0.1036
8701,211,43,0.5698
8705,211,43,0.3587
8708,211,43,0.1144
8715,211,43,0.7804
8720,211,43,0.7932
8727,211,43,0.7874
8737,211,43,0.4130
1444,214,23,0.0826
1593,214,23,0.4119
2874,214,23,0.6504
3444,214,23,0.2690
4207,214,23,0.2905
5319,214,23,0.3657
10160,214,23,0.2793
10737,214,23,0.6116
10742,214,23,0.7961
10753,214,23,0.6246
2010,215,132,0.3484
8034,215,132,0.6356
11252,215,132,0.8433
11824,215,132,0.7716
2052,210,23,0.7593
2057,210,23,0.7995
2063,210,23,0.8103
2070,210,23,0.4951
779,211,43,0.6781
1396,211,43,0.4974
4365,211,43,0.7595
5276,211,43,0.6224
8743,211,43,0.6402
8757,211,43,0.8303
8769,211,43,0.7551
8772,211,43,0.2773
8779,211,43,0.7775
8781,211,43,0.7491
682,214,23,0.7180
1030,214,23,0.8071
2194,214,23,0.6833
2480,214,23,0.6796
2937,214,23,0.7790
7864,214,23,0.6983
10759,214,23,0.7880
10769,214,23,0.7028
10778,214,23,0.7948
10785,214,23,0.8110
546,215,132,0.7552
3299,215,132,0.7693
3491,215,132,0.7002
7391,215,132,0.6520
8579,215,132,0.7188
8891,215,132,0.7531
10264,215,132,0.8050
11827,215,132,0.7845
11835,215,132,0.5903
11844,215,132,0.7679
2083,210,23,0.6926
2090,210,23,0.7754
252,211,17,0.6940
871,211,17,0.7438
1817,211,17,0.8535
2649,211,17,0.6978
8784,211,17,0.6733
8787,211,17,0.6290
8792,211,17,0.4913
8798,211,17,0.4842
8806,211,17,0.8837
8814,211,17,0.6822
3473,214,23,0.6849
4265,214,23,0.6175
7769,214,23,0.7480
9808,214,23,0.7992
10788,214,23,0.7815
10794,214,23,0.8023
10799,214,23,0.8000
10804,214,23,0.8105
10808,214,23,0.8150
10814,214,23,0.8109
272,215,23,0.6588
754,215,23,0.6911
4657,215,23,0.4451
2100,210,23,0.7435
2113,210,23,0.4322
2120,210,23,0.2078
633,211,17,0.8918
1652,211,17,0.9187
2153,211,17,0.8810
2761,211,17,0.7232
3628,211,17,0.8658
5041,211,17,0.9000
8820,211,17,0.9164
8831,211,17,0.9237
8846,211,17,0.9289
1117,214,23,0.8101
1958,214,23,0.7928
2474,214,23,0.8110
2677,214,23,0.6961
3182,214,23,0.7868
7704,214,23,0.7429
10817,214,23,0.6669
10822,214,23,0.8028
10828,214,23,0.8102
10834,214,23,0.7180
4476,215,23,0.6879
11846,215,23,0.6001
2129,210,23,0.4200
2142,210,23,0.4277
219,211,93,0.4572
8863,211,93,0.2726
8873,211,93,0.2895
8880,211,93,0.2669
8883,211,93,0.4203
8887,211,93,0.4575
8890,211,93,0.8122
8892,211,93,0.6818
8897,211,93,0.7666
8900,211,93,0.7569
1405,214,23,0.5798
2343,214,23,0.6913
4527,214,23,0.8282
5803,214,23,0.4064
6918,214,23,0.8448
8156,214,23,0.8703
10046,214,23,0.7169
10241,214,23,0.9276
10839,214,23,0.9313
10848,214,23,0.9329
1723,215,23,0.7245
2816,215,23,0.7374
7208,215,23,0.7110
9907,215,23,0.7436
11281,215,23,0.3739
11850,215,23,0.7737
2152,210,23,0.4335
2160,210,23,0.2127
603,211,93,0.9344
995,211,93,0.9271
3121,211,93,0.7617
5567,211,93,0.9435
6757,211,93,0.9446
8906,211,93,0.9361
8915,211,93,0.5221
8917,211,93,0.5840
8921,211,93,0.6725
8926,211,93,0.9151
2999,214,23,0.8267
3434,214,23,0.9272
3533,214,23,0.3654
5351,214,23,0.2925
5586,214,23,0.9357
6374,214,23,0.8059
7941,214,23,0.7749
9616,214,23,0.9385
9997,214,23,0.2969
10853,214,23,0.9324
1684,215,23,0.7755
2240,215,23,0.7508
2269,215,23,0.8704
6809,215,23,0.7511
7313,215,23,0.9236
8709,215,23,0.8619
10884,215,23,0.9134
11859,215,23,0.9100
11868,215,23,0.2609
11874,215,23,0.2803
2164,210,23,0.4227
2171,210,23,0.7987
2180,210,23,0.6017
2186,210,23,0.8565
2192,210,23,0.8420
2199,210,23,0.6161
2201,210,23,0.4333
2206,210,23,0.8681
2210,210,23,0.0938
2738,211,93,0.2682
3616,211,93,0.8429
3871,211,93,0.7828
6181,211,93,0.9057
8936,211,93,0.3946
8939,211,93,0.4817
8943,211,93,0.9190
8953,211,93,0.9101
8959,211,93,0.9484
8967,211,93,0.7095
253,214,23,0.5906
1713,214,23,0.4710
2634,214,23,0.7164
4867,214,23,0.7078
9783,214,23,0.9389
10856,214,23,0.5867
10869,214,23,0.9345
10874,214,23,0.9457
10883,214,23,0.9439
10889,214,23,0.8649
2132,215,23,0.8724
11695,215,23,0.7815
11725,215,23,0.9158
11743,215,23,0.2453
2226,210,23,0.6353
2237,210,23,0.2371
2001,211,93,0.2444
6533,211,93,0.4467
8970,211,93,0.6714
8975,211,93,0.4940
8982,211,93,0.8915
8988,211,93,0.8420
9000,211,93,0.4564
9004,211,93,0.6877
9012,211,93,0.7324
9017,211,93,0.5352
2072,214,23,0.9313
2239,214,23,0.9213
5042,214,23,0.0983
5760,214,23,0.6347
6767,214,23,0.2569
10128,214,23,0.6654
10899,214,23,0.4105
10904,214,23,0.8488
10912,214,23,0.7674
10927,214,23,0.4684
8430,215,23,0.7574
10698,215,23,0.6148
11879,215,23,0.7452
2244,210,23,0.5953
2253,210,23,0.7197
2261,210,23,0.4225
412,214,23,0.3679
1883,214,23,0.7250
1937,214,23,0.8613
2466,214,23,0.3600
4630,214,23,0.5320
5448,214,23,0.8992
6980,214,23,0.5033
10933,214,23,0.4500
10942,214,23,0.4608
10949,214,23,0.8209
9067,215,23,0.4215
9789,215,23,0.6917
3318,216,132,0.6799
4321,216,132,0.6838
5352,216,132,0.7587
7198,216,132,0.7138
8721,216,132,0.7745
11658,216,132,0.2010
11774,216,132,0.8116
12358,216,132,0.8084
12359,216,132,0.7397
12364,216,132,0.7515
2263,210,23,0.2512
2266,210,23,0.7358
2279,210,23,0.5839
2289,210,23,0.7805
2296,210,23,0.7553
2304,210,23,0.7957
2311,210,23,0.5747
2316,210,23,0.3227
2325,210,23,0.7863
2327,210,23,0.3852
1305,214,23,0.9262
4715,214,23,0.9327
5335,214,23,0.9231
5552,214,23,0.9377
6830,214,23,0.0931
6972,214,23,0.8205
8681,214,23,0.9428
10954,214,23,0.6521
10961,214,23,0.1485
10964,214,23,0.6623
996,215,23,0.6880
2572,215,23,0.5828
6729,215,23,0.4770
7250,215,23,0.8066
9046,215,23,0.3540
10005,215,23,0.8603
11883,215,23,0.2356
11892,215,23,0.5783
11898,215,23,0.4867
11902,215,23,0.2512
1913,216,132,0.7108
1927,216,132,0.7748
3351,216,132,0.2721
5412,216,132,0.6813
6899,216,132,0.7191
7850,216,132,0.8029
8580,216,132,0.6972
9114,216,132,0.7826
9271,216,132,0.7980
11860,216,132,0.7299
2335,210,23,0.4436
2341,210,23,0.3754
1705,214,23,0.5524
5136,214,23,0.9082
7174,214,23,0.6163
9573,214,23,0.9250
10969,214,23,0.8323
10973,214,23,0.0832
10979,214,23,0.5538
10984,214,23,0.4835
10986,214,23,0.8407
10993,214,23,0.6197
563,215,23,0.4133
11910,215,23,0.5103
11915,215,23,0.5652
220,216,132,0.8016
2542,216,132,0.7254
3687,216,132,0.7517
4851,216,132,0.7312
6649,216,132,0.7647
10790,216,132,0.4223
11714,216,132,0.4429
12367,216,132,0.7948
12372,216,132,0.6056
12375,216,132,0.2740
2351,210,23,0.6611
2363,210,23,0.2879
2370,210,23,0.1878
1664,214,23,0.9266
2431,214,23,0.6064
3780,214,23,0.5464
4066,214,23,0.9288
6275,214,23,0.8404
8128,214,23,0.8144
9408,214,23,0.9000
10997,214,23,0.9291
11003,214,23,0.8138
11008,214,23,0.9273
42,215,23,0.5459
6662,215,23,0.3121
8394,216,132,0.8119
8405,216,132,0.8142
11152,216,132,0.7262
12380,216,132,0.7892
2377,210,23,0.5392
2382,210,23,0.7097
2389,210,23,0.7294
443,214,23,0.3394
1171,214,23,0.9178
3143,214,23,0.4301
3210,214,23,0.8941
3385,214,23,0.8986
5277,214,23,0.5162
6366,214,23,0.1500
7187,214,23,0.7832
11015,214,23,0.2767
11020,214,23,0.1764
10677,215,23,0.6035
11923,215,23,0.3089
3782,216,132,0.2386
5283,216,132,0.3678
6749,216,132,0.8894
7350,216,132,0.9121
7830,216,132,0.7538
10477,216,132,0.9373
12384,216,132,0.4853
12386,216,132,0.8847
12394,216,132,0.5202
12401,216,132,0.5996
2399,210,23,0.7385
2406,210,23,0.8091
2411,210,23,0.2238
731,214,23,0.7316
957,214,23,0.9077
2448,214,23,0.9321
3332,214,23,0.5796
4396,214,23,0.9271
4723,214,23,0.6109
5694,214,23,0.6757
8281,214,23,0.0733
8318,214,23,0.0604
11027,214,23,0.4242
448,215,23,0.4620
1530,215,23,0.8767
1989,215,23,0.2279
2481,215,23,0.9136
4664,215,23,0.5390
7544,215,23,0.9116
11219,215,23,0.8848
6709,216,132,0.0828
12408,216,132,0.7159
2416,210,23,0.7043
2425,210,23,0.4274
1372,214,23,0.2930
7271,214,23,0.9068
7949,214,23,0.2488
8595,214,23,0.6404
8635,214,23,0.3218
9279,214,23,0.9092
9871,214,23,0.9187
11032,214,23,0.5375
11037,214,23,0.3331
11040,214,23,0.4548
1654,215,23,0.1808
2670,215,23,0.6524
4944,216,132,0.8241
6196,216,132,0.1153
8960,216,132,0.8805
9259,216,132,0.8371
9607,216,132,0.1805
12412,216,132,0.8220
2429,210,23,0.6801
2438,210,23,0.3520
2298,214,23,0.6452
3271,214,23,0.8551
5258,214,23,0.4162
5842,214,23,0.6912
9623,214,23,0.1075
10254,214,23,0.6575
11047,214,23,0.8103
11050,214,23,0.7989
11060,214,23,0.7894
11066,214,23,0.2429
46,215,23,0.7797
2337,215,23,0.8690
3886,215,23,0.8649
7564,215,23,0.6117
10146,215,23,0.7640
425,216,132,0.7495
1078,216,132,0.7147
1134,216,132,0.7734
2401,216,132,0.6252
2858,216,132,0.7845
7364,216,132,0.5058
8378,216,132,0.4689
8436,216,132,0.7985
9289,216,132,0.8164
12418,216,132,0.7913
2446,210,23,0.7585
2457,210,23,0.6150
2461,210,23,0.7472
2465,210,23,0.7892
2473,210,23,0.8017
2478,210,23,0.4948
2495,210,23,0.7121
2501,210,23,0.8408
2508,210,23,0.3343
2515,210,23,0.5479
2254,214,23,0.4976
3194,214,23,0.3654
4439,214,23,0.7720
9066,214,23,0.5474
10276,214,23,0.7909
11073,214,23,0.6720
11079,214,23,0.6875
11088,214,23,0.7923
11093,214,23,0.8124
11100,214,23,0.8131
516,215,23,0.4568
4540,215,23,0.6608
4779,215,23,0.8522
5022,215,23,0.7544
5157,215,23,0.5856
11928,215,23,0.4618
11934,215,23,0.4591
11942,215,23,0.0854
11946,215,23,0.5384
11957,215,23,0.6814
228,216,132,0.4930
2783,216,132,0.6127
8710,216,132,0.5924
10075,216,132,0.7722
12426,216,132,0.8044
2522,210,23,0.7719
2529,210,23,0.7830
2535,210,23,0.0986
979,214,23,0.6484
2155,214,23,0.2340
2353,214,23,0.3180
4817,214,23,0.2268
5795,214,23,0.6204
10004,214,23,0.6394
11106,214,23,0.2358
11115,214,23,0.7958
11124,214,23,0.7984
11132,214,23,0.4177
8682,215,107,0.8230
11966,215,107,0.2965
11976,215,107,0.7050
7007,216,132,0.7653
12430,216,132,0.7948
2541,210,23,0.6848
2550,210,23,0.8410
2556,210,23,0.8733
2564,210,23,0.1230
898,214,23,0.2723
1379,214,23,0.3591
2400,214,23,0.8633
5426,214,23,0.3328
5558,214,23,0.7599
6748,214,23,0.7771
7249,214,23,0.8188
8695,214,23,0.5242
11141,214,23,0.2049
11144,214,23,0.2848
1055,215,107,0.6907
3553,215,107,0.3440
7553,215,107,0.3722
8026,215,107,0.7899
8989,215,107,0.5909
9724,215,107,0.7969
11608,215,107,0.1910
11978,215,107,0.8037
11984,215,107,0.1937
11987,215,107,0.8067
492,216,132,0.6434
1818,216,132,0.6420
3925,216,132,0.6835
5866,216,132,0.6322
8526,216,132,0.7872
9084,216,132,0.6305
12433,216,132,0.7931
12437,216,132,0.7965
12441,216,132,0.8058
12448,216,132,0.8105
2570,210,23,0.2559
2574,210,23,0.4699
25,214,23,0.7186
3726,214,23,0.6459
6212,214,23,0.6579
8106,214,23,0.2189
11151,214,23,0.6962
11160,214,23,0.8487
11165,214,23,0.9236
11179,214,23,0.9254
11185,214,23,0.3242
11189,214,23,0.7027
2732,215,107,0.5398
3088,215,107,0.7661
5904,215,107,0.7723
8304,215,107,0.5834
9325,215,107,0.8053
9349,215,107,0.7857
10403,215,107,0.6146
11989,215,107,0.6416
11996,215,107,0.6423
12003,215,107,0.8163
1195,216,23,0.6450
1579,216,23,0.3540
2027,216,23,0.4184
2317,216,23,0.8186
3860,216,23,0.8516
9986,216,23,0.8538
10389,216,23,0.9246
12450,216,23,0.6096
12452,216,23,0.9221
12456,216,23,0.6705
2577,210,23,0.6320
2591,210,23,0.7898
2596,210,23,0.7470
2691,214,23,0.2169
4018,214,23,0.7903
4334,214,23,0.8203
5595,214,23,0.8783
6620,214,23,0.2346
7359,214,23,0.7472
7390,214,23,0.5824
7575,214,23,0.7810
8459,214,23,0.4700
11194,214,23,0.8612
1912,215,107,0.4250
3716,215,107,0.8067
8467,215,107,0.4908
12007,215,107,0.8053
12009,215,107,0.8173
12011,215,107,0.8239
12013,215,107,0.8265
12016,215,107,0.8278
12019,215,107,0.8221
12020,215,107,0.5707
5596,216,23,0.8751
7914,216,23,0.9096
12460,216,23,0.3222
2603,210,23,0.7157
2612,210,23,0.4665
2619,210,23,0.6888
2625,210,23,0.7297
2633,210,23,0.8034
2641,210,23,0.8156
2648,210,23,0.8124
2654,210,23,0.2537
2668,210,23,0.7064
2676,210,23,0.6349
1529,214,23,0.8903
3087,214,23,0.7676
3222,214,23,0.8783
3397,214,23,0.4145
4656,214,23,0.8927
9083,214,23,0.9371
9553,214,23,0.7794
11203,214,23,0.9039
11207,214,23,0.9414
11214,214,23,0.9473
2929,215,43,0.7375
6394,215,43,0.2076
6581,215,43,0.6426
10467,215,43,0.8049
12026,215,43,0.6636
12033,215,43,0.6175
449,216,23,0.6494
1007,216,23,0.7400
4397,216,23,0.7771
6479,216,23,0.7239
7277,216,23,0.7772
8045,216,23,0.7971
10818,216,23,0.4880
12465,216,23,0.5457
12470,216,23,0.7084
12478,216,23,0.5892
2689,210,107,0.7366
2695,210,107,0.8028
2697,210,107,0.4350
2704,210,107,0.6564
2716,210,107,0.3861
2722,210,107,0.6897
2725,210,107,0.7757
2729,210,107,0.7985
2731,210,107,0.3600
2733,210,107,0.8109
780,214,23,0.9381
2264,214,23,0.9325
2989,214,23,0.4851
7513,214,23,0.3388
8251,214,23,0.2615
11218,214,23,0.8808
11224,214,23,0.4328
11230,214,23,0.6298
11235,214,23,0.9189
11240,214,23,0.9126
11545,215,43,0.7776
12041,215,43,0.3241
4031,216,107,0.5959
4904,216,107,0.5425
8922,216,107,0.7976
8955,216,107,0.7661
11990,216,107,0.6140
12484,216,107,0.7917
12487,216,107,0.8162
12491,216,107,0.8135
12499,216,107,0.8015
12504,216,107,0.8160
2737,210,43,0.2269
2743,210,43,0.7634
2744,210,43,0.7515
2752,210,43,0.3937
2760,210,43,0.3441
2770,210,43,0.7362
2774,210,43,0.8261
2782,210,43,0.2918
2798,210,43,0.3964
2806,210,43,0.8735
1236,214,23,0.8719
2131,214,23,0.8398
2407,214,23,0.9039
5865,214,23,0.8762
6720,214,23,0.7983
6904,214,23,0.4752
8554,214,23,0.5884
9330,214,23,0.6194
11246,214,23,0.8881
11251,214,23,0.9353
316,215,43,0.5209
3924,215,43,0.8480
4378,215,43,0.7969
5921,215,43,0.8779
12045,215,43,0.6710
12047,215,43,0.4476
12053,215,43,0.3784
2102,216,107,0.5193
7925,216,107,0.8084
7950,216,107,0.6614
10404,216,107,0.5461
11315,216,107,0.5831
11557,216,107,0.7923
12132,216,107,0.2966
12506,216,107,0.7881
12512,216,107,0.8011
12513,216,107,0.8157
2814,210,43,0.8845
2821,210,43,0.7093
2825,210,43,0.9145
2838,210,43,0.6848
2841,210,43,0.3490
2849,210,43,0.6478
2857,210,43,0.5987
2867,210,43,0.9146
2873,210,43,0.3736
2880,210,43,0.7488
545,214,23,0.1484
1297,214,23,0.5352
4595,214,23,0.1443
5627,214,23,0.8323
6952,214,23,0.3297
8744,214,23,0.5530
9508,214,23,0.7797
11259,214,23,0.7828
11268,214,23,0.7188
11275,214,23,0.7804
1306,215,43,0.8288
2938,215,43,0.3941
3161,215,43,0.7950
3661,215,43,0.5665
5782,215,43,0.7594
6953,215,43,0.7724
12059,215,43,0.6464
12067,215,43,0.7689
12069,215,43,0.4598
467,216,107,0.4595
3717,216,107,0.8079
6601,216,107,0.6335
10035,216,107,0.7973
10162,216,107,0.6557
12515,216,107,0.8057
12518,216,107,0.6773
12519,216,107,0.7613
12523,216,107,0.7999
2888,210,43,0.7066
2896,210,43,0.7829
2900,210,43,0.5660
2910,210,43,0.8462
2914,210,43,0.6277
2922,210,43,0.8593
2926,210,43,0.4222
2936,210,43,0.6190
2943,210,43,0.8590
2952,210,43,0.8954
4797,214,23,0.5929
4878,214,23,0.3668
5212,214,23,0.6877
6315,214,23,0.7827
7028,214,23,0.8681
7312,214,23,0.8571
8358,214,23,0.4428
11280,214,23,0.7816
11283,214,23,0.7385
11290,214,23,0.9185
26,215,17,0.4708
665,215,17,0.1843
12077,215,17,0.2488
1163,216,43,0.7127
1204,216,43,0.8007
6281,216,43,0.6276
6463,216,43,0.8391
6865,216,43,0.7641
9446,216,43,0.5788
10095,216,43,0.7667
11609,216,43,0.8117
11916,216,43,0.8035
12524,216,43,0.7549
2968,210,43,0.7572
2972,210,43,0.7494
2977,210,43,0.7748
2987,210,43,0.2483
2998,210,43,0.6735
3007,210,43,0.8620
3015,210,43,0.6319
3026,210,43,0.8963
3040,210,43,0.4358
3042,210,43,0.3815
203,214,23,0.4752
461,214,23,0.7298
3317,214,23,0.9304
5683,214,23,0.7630
8060,214,23,0.8898
9391,214,23,0.8888
11295,214,23,0.8410
11303,214,23,0.8394
11306,214,23,0.9313
11314,214,23,0.9496
5935,215,17,0.6911
9949,215,17,0.2369
10255,215,17,0.2993
317,216,43,0.6716
2255,216,43,0.7263
3223,216,43,0.6484
4493,216,43,0.7388
8659,216,43,0.8265
8907,216,43,0.7686
12101,216,43,0.7975
12529,216,43,0.8149
12531,216,43,0.5448
12539,216,43,0.7279
3050,210,43,0.6418
3052,210,43,0.6942
3055,210,43,0.7849
3063,210,43,0.7992
3070,210,43,0.6914
3077,210,43,0.8013
3085,210,43,0.5980
3093,210,43,0.7338
3101,210,43,0.8110
3111,210,43,0.3026
244,214,23,0.9509
1346,214,23,0.9416
2336,214,23,0.9055
3677,214,23,0.9415
6028,214,23,0.7543
6350,214,23,0.9299
8503,214,23,0.5368
11323,214,23,0.8313
11331,214,23,0.8446
11342,214,23,0.9411
605,215,17,0.1953
9963,215,17,0.3238
12083,215,17,0.6920
27,216,17,0.4036
91,216,17,0.1963
4084,216,17,0.2997
5605,216,17,0.4396
8637,216,17,0.7113
8738,216,17,0.5751
10056,216,17,0.5818
12197,216,17,0.3457
12547,216,17,0.5699
12552,216,17,0.7971
3120,210,43,0.8075
3122,210,43,0.7753
3130,210,43,0.8065
3137,210,43,0.8016
3142,210,43,0.2060
3152,210,43,0.7092
3159,210,43,0.8174
3170,210,43,0.7198
3180,210,43,0.7390
5856,214,23,0.6533
6534,214,23,0.7749
6556,214,23,0.9370
7641,214,23,0.9072
8239,214,23,0.8065
9166,214,23,0.9374
11348,214,23,0.3465
11355,214,23,0.6788
11363,214,23,0.6475
11367,214,23,0.6516
3781,215,17,0.2652
8292,215,17,0.5840
9383,215,17,0.1439
1373,216,17,0.7818
2799,216,17,0.7881
5079,216,17,0.8069
5294,216,17,0.3083
8330,216,17,0.6673
9317,216,17,0.6515
11903,216,17,0.7896
12557,216,17,0.6690
12563,216,17,0.7530
12569,216,17,0.8254
3192,210,43,0.7257
3193,210,43,0.7947
3209,210,43,0.8231
3221,210,43,0.7844
3227,210,43,0.5750
3235,210,43,0.5525
3242,210,43,0.8543
3246,210,43,0.8889
3253,210,43,0.1697
3261,210,43,0.4927
211,214,23,0.9292
2212,214,23,0.9433
2509,214,23,0.6980
2740,214,23,0.8586
2762,214,23,0.2190
6736,214,23,0.9129
7322,214,23,0.9432
11378,214,23,0.5606
11385,214,23,0.6935
11391,214,23,0.9396
1102,215,17,0.7549
1445,215,17,0.3281
6919,215,17,0.2790
7718,215,17,0.2688
7789,215,17,0.3610
9436,215,17,0.7954
10039,215,17,0.6578
10161,215,17,0.4856
1314,216,17,0.8583
1796,216,17,0.8074
2144,216,17,0.8164
2776,216,17,0.7781
6094,216,17,0.8612
9305,216,17,0.4073
9642,216,17,0.8048
12578,216,17,0.7633
12584,216,17,0.7575
12589,216,17,0.5361
3270,210,43,0.8528
3279,210,43,0.6994
3282,210,43,0.7652
3292,210,43,0.7999
3298,210,43,0.8076
3306,210,43,0.7561
3313,210,43,0.5138
3316,210,43,0.5760
3330,210,43,0.7855
635,214,23,0.9470
1745,214,23,0.7936
3350,214,23,0.9258
3562,214,23,0.1836
3623,214,23,0.6782
5462,214,23,0.9378
7750,214,23,0.9324
11396,214,23,0.8741
11404,214,23,0.9287
11414,214,23,0.9183
3629,215,17,0.4676
10738,215,17,0.5170
12089,215,17,0.8066
2580,216,17,0.3994
5180,216,17,0.5581
5737,216,17,0.4351
5761,216,17,0.7538
7865,216,17,0.6911
10511,216,17,0.6718
11445,216,17,0.7955
12593,216,17,0.7567
12601,216,17,0.8062
12610,216,17,0.2642
3342,210,17,0.5102
3348,210,17,0.6905
3361,210,17,0.3889
3369,210,17,0.6262
3380,210,17,0.9165
3383,210,17,0.9372
3395,210,17,0.1570
3404,210,17,0.1659
3409,210,17,0.3840
3418,210,17,0.6874
4239,214,23,0.5374
6041,214,23,0.8516
6047,214,23,0.6997
7152,214,23,0.7414
8245,214,23,0.8694
9224,214,23,0.5578
10154,214,23,0.4815
11419,214,23,0.8200
11424,214,23,0.9034
11430,214,23,0.9321
3419,215,17,0.3168
4335,215,17,0.5891
5604,215,17,0.6572
5703,215,17,0.7864
9304,215,17,0.7756
9586,215,17,0.7717
12096,215,17,0.8021
12100,215,17,0.8124
12107,215,17,0.8036
12117,215,17,0.1931
153,216,17,0.8310
547,216,17,0.8683
2133,216,17,0.6959
2850,216,17,0.5259
4512,216,17,0.5843
6514,216,17,0.3662
6954,216,17,0.9131
8669,216,17,0.6943
9730,216,17,0.7797
12090,216,17,0.8290
3423,210,17,0.5595
3428,210,17,0.3504
3433,210,17,0.8808
3442,210,17,0.9285
3457,210,17,0.9275
3472,210,17,0.9319
3480,210,17,0.9373
3488,210,17,0.9297
3506,210,17,0.9445
3520,210,17,0.9405
152,214,23,0.9441
593,214,23,0.9461
2426,214,23,0.9403
7485,214,23,0.9222
11437,214,23,0.7944
11444,214,23,0.6959
11451,214,23,0.6503
11458,214,23,0.8952
11465,214,23,0.9205
11472,214,23,0.9184
4030,215,17,0.4233
4466,215,17,0.3194
5843,215,17,0.3077
6168,215,17,0.6678
11107,215,17,0.6546
12125,215,17,0.7764
12131,215,17,0.5636
1465,216,17,0.6132
3630,216,17,0.7040
3824,216,17,0.3953
3844,216,17,0.8649
6132,216,17,0.8472
9624,216,17,0.8995
10332,216,17,0.8937
11270,216,17,0.8660
12616,216,17,0.6678
12618,216,17,0.8144
3525,210,17,0.4182
3532,210,17,0.5283
3537,210,17,0.8885
3545,210,17,0.7528
3551,210,17,0.6245
3561,210,17,0.7170
3566,210,17,0.7679
3582,210,17,0.9297
3597,210,17,0.5556
3603,210,17,0.0829
1097,214,23,0.0592
2868,214,23,0.9229
3908,214,23,0.8836
4182,214,23,0.8719
5146,214,23,0.9352
5226,214,23,0.9076
6689,214,23,0.8618
10231,214,23,0.8375
11479,214,23,0.7070
11485,214,23,0.1898
2656,215,17,0.6435
12140,215,17,0.7526
971,216,93,0.5733
2696,216,93,0.7588
3764,216,93,0.7594
4294,216,93,0.8353
6938,216,93,0.6741
8028,216,93,0.6630
9013,216,93,0.8005
9617,216,93,0.5282
11438,216,93,0.7954
12621,216,93,0.8194
3615,210,17,0.7665
3622,210,17,0.5254
3627,210,17,0.8953
3638,210,17,0.5511
3644,210,17,0.6613
3650,210,17,0.5543
3659,210,17,0.5691
3669,210,17,0.2618
3676,210,17,0.8119
1261,214,23,0.4924
1537,214,23,0.9133
2114,214,23,0.5772
3584,214,23,0.9277
8052,214,23,0.8479
8309,214,23,0.9391
8821,214,23,0.9444
11495,214,23,0.7977
11501,214,23,0.8237
11505,214,23,0.8677
2575,215,17,0.4167
5411,215,17,0.1894
962,216,93,0.7840
4189,216,93,0.4331
6395,216,93,0.8090
8107,216,93,0.8066
8477,216,93,0.8183
9842,216,93,0.8132
11094,216,93,0.8240
11947,216,93,0.8051
12034,216,93,0.7358
12625,216,93,0.7481
3684,210,93,0.7869
3686,210,93,0.7298
3690,210,93,0.4478
3695,210,93,0.7985
3699,210,93,0.7997
3705,210,93,0.6233
3708,210,93,0.8335
3715,210,93,0.7739
3719,210,93,0.7098
3725,210,93,0.6830
970,214,23,0.8394
2717,214,23,0.7353
4227,214,23,0.9054
8536,214,23,0.7372
10331,214,23,0.9172
11513,214,23,0.1349
11518,214,23,0.6573
11523,214,23,0.6066
11528,214,23,0.8145
1098,215,17,0.1868
2371,215,17,0.9050
4320,215,17,0.7102
4528,215,17,0.8579
9509,215,17,0.5514
12148,215,17,0.7881
12155,215,17,0.7640
12162,215,17,0.6056
12171,215,17,0.8493
692,216,93,0.8148
1450,216,93,0.5098
3429,216,93,0.8024
4418,216,93,0.6948
8181,216,93,0.5095
11958,216,93,0.8091
12632,216,93,0.8125
12634,216,93,0.8219
12640,216,93,0.8187
12646,216,93,0.8164
3736,210,23,0.7463
3743,210,23,0.2709
3749,210,23,0.8034
3761,210,23,0.9130
3774,210,23,0.7083
3779,210,23,0.4506
3789,210,23,0.1508
3799,210,23,0.7137
3805,210,23,0.2209
3815,210,23,0.9235
2026,214,107,0.2186
6262,214,107,0.5149
7959,214,107,0.5632
10067,214,107,0.8010
11536,214,107,0.8137
11538,214,107,0.8026
11541,214,107,0.8129
11544,214,107,0.8132
11547,214,107,0.8062
4618,215,17,0.2329
5825,215,17,0.7996
12175,215,17,0.6569
12180,215,17,0.2337
12189,215,17,0.7649
3162,216,93,0.8212
4118,216,93,0.7790
9516,216,93,0.8101
9587,216,93,0.7024
9890,216,93,0.5376
10913,216,93,0.7909
12654,216,93,0.7550
12660,216,93,0.8046
12665,216,93,0.5150
12671,216,93,0.7115
3823,210,23,0.6954
3827,210,23,0.9123
3833,210,23,0.8095
3843,210,23,0.9406
3856,210,23,0.9108
3870,210,23,0.8179
3877,210,23,0.9391
3884,210,23,0.9450
3892,210,23,0.8275
3902,210,23,0.9398
1023,214,43,0.4465
1464,214,43,0.4971
1735,214,43,0.2607
9288,214,43,0.3606
11549,214,43,0.8909
11556,214,43,0.2859
11559,214,43,0.8548
11566,214,43,0.9225
11573,214,43,0.7337
11582,214,43,0.7040
2378,215,17,0.6238
2822,215,17,0.6128
4146,215,17,0.8238
4246,215,17,0.1145
12196,215,17,0.8325
5684,216,93,0.7153
6124,216,93,0.3538
7335,216,93,0.6988
8172,216,93,0.6463
9372,216,93,0.6935
10635,216,93,0.2015
10840,216,93,0.7231
11665,216,93,0.8011
12678,216,93,0.8123
12679,216,93,0.8168
3907,210,23,0.9074
3915,210,23,0.9123
3923,210,23,0.9416
3938,210,23,0.2968
3944,210,23,0.0705
3953,210,23,0.8741
3956,210,23,0.4503
3963,210,23,0.6613
3970,210,23,0.7231
3975,210,23,0.9107
2881,214,43,0.4226
4292,214,43,0.8954
6728,214,43,0.5415
7780,214,43,0.6949
8668,214,43,0.4338
11585,214,43,0.7849
11588,214,43,0.8043
11594,214,43,0.3864
11596,214,43,0.4789
11599,214,43,0.3967
1267,215,17,0.6897
1322,215,17,0.7798
9547,215,17,0.2393
12206,215,17,0.7752
12214,215,17,0.2023
1639,216,93,0.6716
1983,216,93,0.6041
3228,216,93,0.5512
4136,216,93,0.7981
4596,216,93,0.9183
9097,216,93,0.3419
12681,216,93,0.9116
12689,216,93,0.3668
12692,216,93,0.7700
12699,216,93,0.7559
3989,210,23,0.9275
3998,210,23,0.9204
4006,210,23,0.8105
4016,210,23,0.9259
4029,210,23,0.9440
4042,210,23,0.7832
4045,210,23,0.9438
4054,210,23,0.8262
4057,210,23,0.9169
4065,210,23,0.9495
2391,214,43,0.8636
4539,214,43,0.9044
7956,214,43,0.9181
8677,214,43,0.5873
8940,214,43,0.6326
9742,214,43,0.5543
10078,214,43,0.9142
11601,214,43,0.9353
11607,214,43,0.5944
11612,214,43,0.6170
2064,215,17,0.7555
11296,215,17,0.7621
8549,216,93,0.7461
9401,216,93,0.7457
10296,216,93,0.7797
10875,216,93,0.6776
11307,216,93,0.2392
12705,216,93,0.8114
12711,216,93,0.7159
12713,216,93,0.8069
12723,216,93,0.8201
12727,216,93,0.8213
4075,210,23,0.9266
4083,210,23,0.9365
4090,210,23,0.7381
4097,210,23,0.9380
4103,210,23,0.9426
4110,210,23,0.9363
4116,210,23,0.8111
4127,210,23,0.9472
4133,210,23,0.9289
4145,210,23,0.9455
1412,214,43,0.8798
3283,214,43,0.4877
4117,214,43,0.5332
5167,214,43,0.9121
9678,214,43,0.6663
11614,214,43,0.7219
11615,214,43,0.8104
11618,214,43,0.7985
11625,214,43,0.5818
11628,214,43,0.5118
12219,215,17,0.5736
12225,215,17,0.7740
12229,215,17,0.2181
8923,217,132,0.5542
4161,210,23,0.6549
4172,210,23,0.1040
4181,210,23,0.8539
4188,210,23,0.0669
4193,210,23,0.9340
4203,210,23,0.2030
4206,210,23,0.9361
4217,210,23,0.2008
4225,210,23,0.8750
4237,210,23,0.6801
338,214,43,0.5282
2579,214,43,0.9066
3102,214,43,0.6640
3916,214,43,0.8818
6385,214,43,0.3579
8074,214,43,0.7012
8303,214,43,0.8822
11637,214,43,0.8012
11645,214,43,0.2139
11651,214,43,0.2541
1035,215,17,0.2625
4058,215,17,0.6274
7436,215,17,0.7036
10018,215,17,0.5914
12235,215,17,0.5654
12241,215,17,0.9116
12250,215,17,0.8864
12260,215,17,0.6038
843,217,132,0.5662
3057,217,132,0.1661
8061,217,132,0.3325
8537,217,132,0.3496
12273,217,132,0.2089
12431,217,132,0.2095
12730,217,132,0.7957
4245,210,23,0.6406
4251,210,23,0.7212
4257,210,23,0.2649
4264,210,23,0.1701
4273,210,23,0.8378
4281,210,23,0.1574
4289,210,23,0.8635
4304,210,23,0.7148
4310,210,23,0.5869
4319,210,23,0.7877
1653,214,43,0.8086
2901,214,43,0.4163
7563,214,43,0.7502
8266,214,43,0.6966
8453,214,43,0.4839
11657,214,43,0.7135
11663,214,43,0.6266
11672,214,43,0.7423
11678,214,43,0.7292
1884,215,17,0.7993
2678,215,17,0.7555
4824,215,17,0.8812
4929,215,17,0.3529
5179,215,17,0.8363
5559,215,17,0.2364
9299,215,17,0.2083
12264,215,17,0.7438
12272,215,17,0.8430
12282,215,17,0.6542
47,217,132,0.5994
1323,217,132,0.5788
4665,217,132,0.7909
5353,217,132,0.8092
8016,217,132,0.8081
12732,217,132,0.8154
4332,210,23,0.4040
4344,210,23,0.6160
4352,210,23,0.4629
4358,210,23,0.2008
4364,210,23,0.3876
4371,210,23,0.2685
4377,210,23,0.4072
4383,210,23,0.6323
4389,210,23,0.5871
4394,210,23,0.8463
1,214,17,0.8734
3859,214,17,0.8289
4609,214,17,0.5737
4691,214,17,0.9179
6425,214,17,0.9081
7849,214,17,0.5930
8291,214,17,0.6368
9140,214,17,0.5439
11688,214,17,0.8335
11694,214,17,0.7649
1062,215,17,0.8626
1283,215,17,0.8933
3424,215,17,0.2404
5944,215,17,0.8388
6690,215,17,0.8995
7449,215,17,0.9010
8091,215,17,0.9146
11269,215,17,0.1143
11664,215,17,0.7253
12285,215,17,0.8872
6351,217,132,0.3299
6380,217,132,0.2238
7702,217,132,0.7903
12735,217,132,0.7932
12743,217,132,0.8122
4410,210,23,0.6583
4416,210,23,0.3606
4426,210,23,0.6062
4431,210,23,0.8293
4438,210,23,0.4196
4444,210,23,0.4893
4453,210,23,0.7807
4458,210,23,0.7607
4465,210,23,0.6302
4470,210,23,0.3634
1194,214,17,0.2543
3552,214,17,0.8003
5531,214,17,0.8932
6784,214,17,0.5538
7448,214,17,0.8605
10402,214,17,0.8459
11703,214,17,0.8161
11713,214,17,0.6403
11717,214,17,0.2813
11724,214,17,0.7205
5463,215,17,0.0938
8258,215,17,0.8699
6768,217,132,0.3318
12747,217,132,0.2577
4475,210,23,0.3296
4484,210,23,0.2019
4492,210,23,0.8031
4501,210,23,0.3213
4511,210,23,0.7961
4517,210,23,0.8100
4525,210,23,0.4257
4538,210,23,0.5137
4548,210,23,0.2614
4551,210,23,0.6950
262,214,93,0.5956
1519,214,93,0.8238
2172,214,93,0.8578
3507,214,93,0.9012
3696,214,93,0.3616
5522,214,93,0.8517
7457,214,93,0.2414
9371,214,93,0.9025
11737,214,93,0.9104
11741,214,93,0.5922
7470,215,17,0.2626
12293,215,17,0.3647
1874,217,132,0.3208
3333,217,132,0.2343
6345,217,132,0.3661
6850,217,132,0.7696
7351,217,132,0.4307
7764,217,132,0.8025
12750,217,132,0.8067
4554,210,23,0.2468
4568,210,23,0.7116
4574,210,23,0.2246
4584,210,23,0.3383
4593,210,23,0.8252
4608,210,23,0.7933
4617,210,23,0.2378
4629,210,23,0.7458
4634,210,23,0.3315
4640,210,23,0.2634
60,214,93,0.9219
466,214,93,0.9372
2268,214,93,0.9377
2552,214,93,0.9341
3893,214,93,0.7738
8547,214,93,0.8372
9298,214,93,0.3616
11742,214,93,0.7106
11751,214,93,0.4999
11756,214,93,0.9273
1332,215,17,0.7294
3872,215,17,0.7287
8636,215,17,0.6445
8696,215,17,0.5914
12299,215,17,0.5164
1928,217,132,0.7564
3526,217,132,0.2115
3917,217,132,0.6675
5392,217,132,0.8683
6630,217,132,0.7882
6785,217,132,0.7839
7724,217,132,0.7956
8822,217,132,0.5888
12758,217,132,0.7993
12763,217,132,0.7823
4650,210,23,0.2721
4655,210,23,0.4501
4662,210,23,0.8040
4676,210,23,0.5070
4683,210,23,0.2974
4688,210,23,0.7894
4708,210,23,0.2017
4714,210,23,0.7426
4722,210,23,0.7454
4728,210,23,0.2040
2815,214,93,0.9456
4195,214,93,0.9435
7597,214,93,0.8265
7972,214,93,0.8676
8013,214,93,0.9408
8833,214,93,0.9460
11762,214,93,0.8680
11770,214,93,0.6851
11771,214,93,0.8154
11773,214,93,0.7480
9463,215,17,0.4075
12303,215,17,0.7055
2227,217,132,0.7890
9821,217,132,0.8065
12766,217,132,0.8146
12773,217,132,0.7839
4735,210,23,0.4372
4739,210,23,0.5126
4745,210,23,0.6066
4751,210,23,0.4941
4759,210,23,0.4503
4763,210,23,0.5683
4777,210,23,0.4820
4787,210,23,0.3474
4791,210,23,0.5557
4794,210,23,0.5164
78,214,93,0.4861
1360,214,93,0.8476
1969,214,93,0.9434
2954,214,93,0.9300
3538,214,93,0.9226
8257,214,93,0.9162
11775,214,93,0.5945
11777,214,93,0.7627
11782,214,93,0.7467
11787,214,93,0.7643
413,215,17,0.6967
1339,215,17,0.4102
2073,215,17,0.8192
7101,215,17,0.2974
10789,215,17,0.5922
12306,215,17,0.6042
3153,217,132,0.6894
3861,217,132,0.3907
4322,217,132,0.7756
4398,217,132,0.5636
7810,217,132,0.7892
12779,217,132,0.8086
12785,217,132,0.6662
12790,217,132,0.2078
12796,217,132,0.7319
4815,210,23,0.7810
4823,210,23,0.3572
4830,210,23,0.7717
4835,210,23,0.2419
4842,210,23,0.5173
4849,210,23,0.2364
4859,210,23,0.8083
4866,210,23,0.2043
4873,210,23,0.3253
4877,210,23,0.4768
7894,214,93,0.6611
838,215,17,0.3417
6864,215,17,0.7742
12315,215,17,0.4027
1754,217,132,0.6420
8408,217,132,0.7983
10445,217,132,0.2239
11763,217,132,0.6592
11783,217,132,0.8043
12802,217,132,0.4259
4881,210,23,0.7588
4892,210,23,0.5877
4901,210,23,0.2996
4915,210,23,0.1995
4922,210,23,0.8081
4928,210,23,0.2575
4938,210,23,0.2540
4943,210,23,0.8444
4953,210,23,0.1645
4963,210,23,0.7840
348,214,93,0.7997
2911,214,93,0.7818
4162,214,93,0.6423
4460,214,93,0.9267
7494,214,93,0.5432
8415,214,93,0.9317
8927,214,93,0.9168
10074,214,93,0.9347
11791,214,93,0.6901
11797,214,93,0.8559
105,215,17,0.4071
2354,215,17,0.7554
2412,215,17,0.4031
3183,215,17,0.4734
4219,215,17,0.6062
6185,215,17,0.8011
10707,215,17,0.5217
12319,215,17,0.8000
12325,215,17,0.7076
12330,215,17,0.3916
2,217,132,0.8266
283,217,132,0.8076
2955,217,132,0.6967
5783,217,132,0.7915
7135,217,132,0.7641
8616,217,132,0.7988
9574,217,132,0.6188
11792,217,132,0.7974
12808,217,132,0.5684
12818,217,132,0.8088
4967,210,23,0.7038
4978,210,23,0.2957
4983,210,23,0.6994
4989,210,23,0.2342
4998,210,23,0.4237
5003,210,23,0.5684
5011,210,23,0.1195
5018,210,23,0.6538
5021,210,23,0.5445
5028,210,23,0.4804
377,215,93,0.8249
764,215,93,0.8766
1048,215,93,0.5979
4651,215,93,0.9188
6462,215,93,0.9332
7035,215,93,0.9267
12338,215,93,0.9295
12346,215,93,0.4118
12347,215,93,0.6537
1812,217,23,0.4440
4518,217,23,0.3668
6426,217,23,0.9084
6981,217,23,0.7825
7880,217,23,0.9235
8135,217,23,0.7006
9241,217,23,0.9211
11291,217,23,0.8547
11904,217,23,0.5252
12819,217,23,0.1709
4252,218,132,0.5229
9350,218,132,0.5656
13201,218,132,0.8302
5040,210,23,0.1767
5055,210,23,0.7413
5057,210,23,0.7891
5065,210,23,0.7438
5070,210,23,0.7786
5076,210,23,0.2064
5078,210,23,0.6675
5084,210,23,0.5049
5092,210,23,0.6561
5097,210,23,0.7356
1806,215,23,0.5638
3534,215,23,0.7256
7371,215,23,0.3989
9596,215,23,0.8951
12350,215,23,0.6572
12353,215,23,0.8715
2041,217,23,0.9252
2718,217,23,0.8400
4283,217,23,0.9180
5747,217,23,0.8995
10040,217,23,0.9249
11704,217,23,0.9297
11880,217,23,0.8248
12149,217,23,0.9413
12442,217,23,0.7325
12825,217,23,0.8928
5093,218,132,0.7446
5219,218,132,0.7881
7866,218,132,0.6175
9118,218,132,0.8539
11646,218,132,0.2161
12021,218,132,0.7686
12744,218,132,0.7950
13078,218,132,0.2537
13208,218,132,0.8312
13215,218,132,0.5529
5108,210,23,0.0746
5117,210,23,0.9284
5123,210,23,0.3032
5128,210,23,0.6271
5133,210,23,0.0735
5145,210,23,0.9001
5154,210,23,0.2943
5156,210,23,0.4087
5159,210,23,0.3223
5165,210,23,0.1500
188,217,23,0.8807
1914,217,23,0.8883
3094,217,23,0.6357
5488,217,23,0.6173
5540,217,23,0.8966
7018,217,23,0.8613
7392,217,23,0.9091
10411,217,23,0.9278
11231,217,23,0.8303
12829,217,23,0.8489
344,218,132,0.5738
2103,218,132,0.8355
3028,218,132,0.8319
5004,218,132,0.5817
7960,218,132,0.8482
8520,218,132,0.7805
12376,218,132,0.7614
13219,218,132,0.7574
13228,218,132,0.7981
13233,218,132,0.7010
229,219,132,0.6896
980,219,132,0.8555
1413,219,132,0.8498
3845,219,132,0.8985
7692,219,132,0.8936
10439,219,132,0.8986
12438,219,132,0.5778
13293,219,132,0.7449
13296,219,132,0.7459
13302,219,132,0.9178
5171,210,23,0.3191
5178,210,23,0.7728
5194,210,23,0.7259
5201,210,23,0.6676
5211,210,23,0.2633
5218,210,23,0.1967
5224,210,23,0.4250
5232,210,23,0.1983
5239,210,23,0.5789
5245,210,23,0.2486
740,217,23,0.9413
1243,217,23,0.9153
2059,217,23,0.3722
3639,217,23,0.7860
5670,217,23,0.6246
7530,217,23,0.7731
12163,217,23,0.9139
12540,217,23,0.9452
12835,217,23,0.7017
12844,217,23,0.9116
1544,218,23,0.5124
1566,218,23,0.7852
1755,218,23,0.7210
4916,218,23,0.8011
7175,218,23,0.5136
8129,218,23,0.7218
8570,218,23,0.7714
10690,218,23,0.7890
11630,218,23,0.2208
13236,218,23,0.7295
3,219,23,0.8843
1451,219,23,0.2842
2517,219,23,0.3657
3284,219,23,0.6294
5413,219,23,0.8250
8029,219,23,0.7227
8046,219,23,0.7858
8119,219,23,0.7905
11041,219,23,0.3395
13307,219,23,0.1703
5251,210,23,0.4313
5256,210,23,0.2481
5266,210,23,0.7924
5275,210,23,0.3010
5281,210,23,0.7923
5290,210,23,0.5246
5300,210,23,0.7507
5309,210,23,0.2590
5318,210,23,0.1951
5333,210,23,0.7868
1284,217,23,0.9465
5161,217,23,0.7947
6613,217,23,0.9404
7008,217,23,0.6088
7576,217,23,0.9328
9456,217,23,0.0939
9633,217,23,0.9408
12851,217,23,0.9000
12855,217,23,0.9156
12859,217,23,0.8945
655,218,107,0.6836
2145,218,107,0.6851
7113,218,107,0.2162
7740,218,107,0.8140
11486,218,107,0.5776
11652,218,107,0.8088
11985,218,107,0.7492
12141,218,107,0.2706
13167,218,107,0.8143
13241,218,107,0.8197
1099,219,23,0.8438
1406,219,23,0.8884
2146,219,23,0.9099
4445,219,23,0.7926
5587,219,23,0.0771
9467,219,23,0.5829
9926,219,23,0.9107
11738,219,23,0.9299
13310,219,23,0.3027
13314,219,23,0.8612
5345,210,23,0.7163
5350,210,23,0.2459
5359,210,23,0.6864
5368,210,23,0.5505
5374,210,23,0.7888
5384,210,23,0.6445
5389,210,23,0.1782
5400,210,23,0.7279
5409,210,23,0.3691
5419,210,23,0.5355
212,217,23,0.0566
2553,217,23,0.0586
5936,217,23,0.9370
6160,217,23,0.9042
6779,217,23,0.8934
9853,217,23,0.1708
11284,217,23,0.6748
12865,217,23,0.8899
12874,217,23,0.3827
12885,217,23,0.3105
1089,218,43,0.6171
1952,218,43,0.7895
2482,218,43,0.8773
8017,218,43,0.6760
9146,218,43,0.8005
9437,218,43,0.7368
10155,218,43,0.5268
12118,218,43,0.5282
13245,218,43,0.7950
13248,218,43,0.7130
92,219,23,0.3755
1361,219,23,0.3414
1520,219,23,0.8419
1992,219,23,0.6947
8182,219,23,0.3688
8497,219,23,0.6097
9167,219,23,0.7649
13319,219,23,0.8039
13324,219,23,0.5547
13332,219,23,0.2868
5425,210,23,0.7115
5430,210,23,0.7668
5434,210,23,0.6181
5446,210,23,0.6463
5453,210,23,0.1971
5460,210,23,0.3950
5470,210,23,0.3738
5479,210,23,0.2204
5487,210,23,0.1966
5495,210,23,0.5378
116,217,23,0.8497
6508,217,23,0.8944
9862,217,23,0.5947
12893,217,23,0.6002
12899,217,23,0.7748
12904,217,23,0.8166
12910,217,23,0.6034
12915,217,23,0.9371
12919,217,23,0.7426
12926,217,23,0.9408
117,218,43,0.8167
213,218,43,0.8698
5147,218,43,0.8960
6807,218,43,0.8443
9765,218,43,0.7987
11133,218,43,0.7912
12368,218,43,0.6147
13254,218,43,0.8315
13262,218,43,0.4161
349,219,23,0.5152
526,219,23,0.6964
5071,219,23,0.8089
6591,219,23,0.2166
7500,219,23,0.7903
9747,219,23,0.8049
10974,219,23,0.5570
11439,219,23,0.3499
13334,219,23,0.3003
13338,219,23,0.7842
5506,210,23,0.2229
5511,210,23,0.7900
5516,210,23,0.2033
5521,210,23,0.4000
5530,210,23,0.7059
5538,210,23,0.5623
5544,210,23,0.3823
5551,210,23,0.2581
5556,210,23,0.6482
5566,210,23,0.2536
1118,217,23,0.7339
1552,217,23,0.7916
4619,217,23,0.2536
4692,217,23,0.0572
5337,217,23,0.9208
6018,217,23,0.7527
6973,217,23,0.9039
7790,217,23,0.0544
9672,217,23,0.8247
10943,217,23,0.6943
1285,218,17,0.8480
2763,218,17,0.6578
3066,218,17,0.2060
4666,218,17,0.1964
4991,218,17,0.8082
7565,218,17,0.7126
10501,218,17,0.9072
11718,218,17,0.7431
13264,218,17,0.7664
13270,218,17,0.8520
1298,219,23,0.5160
1819,219,23,0.1743
1856,219,23,0.1390
5310,219,23,0.3093
6322,219,23,0.1454
11567,219,23,0.1199
11719,219,23,0.4762
13344,219,23,0.1396
13351,219,23,0.8398
13353,219,23,0.1910
5578,210,23,0.4091
5585,210,23,0.6476
5593,210,23,0.4885
5603,210,23,0.2382
5612,210,23,0.8049
5620,210,23,0.1950
5626,210,23,0.3101
5635,210,23,0.5001
5641,210,23,0.2663
5650,210,23,0.3416
2741,217,23,0.8512
3017,217,23,0.8858
3445,217,23,0.9473
3567,217,23,0.8598
4798,217,23,0.9485
5109,217,23,0.9487
9608,217,23,0.9352
12928,217,23,0.9408
12938,217,23,0.8539
12945,217,23,0.9488
1429,218,17,0.5375
1671,218,17,0.8683
2364,218,17,0.9006
2990,218,17,0.6835
6602,218,17,0.8778
7189,218,17,0.7386
8606,218,17,0.7583
10452,218,17,0.7488
12027,218,17,0.7767
13280,218,17,0.2827
2002,219,23,0.6344
2028,219,23,0.4421
2777,219,23,0.1682
4709,219,23,0.8088
11948,219,23,0.6814
12714,219,23,0.7823
12866,219,23,0.2433
13359,219,23,0.2387
13367,219,23,0.2451
13371,219,23,0.2810
5658,210,23,0.2113
5663,210,23,0.2300
5668,210,23,0.7851
5676,210,23,0.3032
5682,210,23,0.6580
5693,210,23,0.3025
5702,210,23,0.5526
5708,210,23,0.6312
5715,210,23,0.1060
5719,210,23,0.9180
1088,217,23,0.8774
6111,217,23,0.9420
6710,217,23,0.9444
6810,217,23,0.8718
9098,217,23,0.7855
9318,217,23,0.9129
9987,217,23,0.9240
10025,217,23,0.8719
11260,217,23,0.8857
12952,217,23,0.9494
2345,218,93,0.7083
2581,218,93,0.7619
4799,218,93,0.7924
6427,218,93,0.8062
9085,218,93,0.8240
10841,218,93,0.7971
12012,218,93,0.7786
13005,218,93,0.7970
13287,218,93,0.6827
13291,218,93,0.8062
1788,219,23,0.7721
3211,219,23,0.7415
5338,219,23,0.2388
6750,219,23,0.1358
8149,219,23,0.6731
9086,219,23,0.8640
10320,219,23,0.5966
11924,219,23,0.4329
12579,219,23,0.6561
13163,219,23,0.4770
5724,210,23,0.7353
5734,210,23,0.5762
5746,210,23,0.3638
5751,210,23,0.2442
5754,210,23,0.6949
5759,210,23,0.3005
5764,210,23,0.2373
5772,210,23,0.7150
5781,210,23,0.5677
5786,210,23,0.4595
834,217,23,0.6871
2417,217,23,0.6389
3352,217,23,0.9271
5774,217,23,0.8762
6153,217,23,0.7426
10096,217,23,0.8842
10857,217,23,0.6664
11959,217,23,0.6897
12956,217,23,0.7090
12963,217,23,0.6906
1714,219,23,0.3143
2784,219,23,0.3704
3459,219,23,0.2276
4312,219,23,0.4452
6621,219,23,0.6376
6631,219,23,0.8026
6737,219,23,0.3506
9069,219,23,0.3127
10994,219,23,0.7953
13378,219,23,0.7299
2432,220,132,0.2857
4346,220,132,0.8809
5005,220,132,0.6670
7400,220,132,0.9211
7935,220,132,0.3890
8746,220,132,0.8809
9767,220,132,0.7408
12156,220,132,0.8054
12520,220,132,0.7193
13824,220,132,0.8039
5793,210,23,0.2934
5802,210,23,0.5114
5809,210,23,0.4775
5816,210,23,0.3893
5824,210,23,0.6217
5832,210,23,0.8806
5841,210,23,0.1815
5849,210,23,0.4609
5854,210,23,0.4224
5863,210,23,0.0991
666,217,23,0.0652
2592,217,23,0.9151
3430,217,23,0.7297
4112,217,23,0.9332
4147,217,23,0.0684
10419,217,23,0.6666
10950,217,23,0.8916
12970,217,23,0.8677
12975,217,23,0.9427
12982,217,23,0.9254
378,219,23,0.3759
1119,219,23,0.7821
1124,219,23,0.7797
3737,219,23,0.4353
4119,219,23,0.7993
4883,219,23,0.8008
5695,219,23,0.8120
11514,219,23,0.2982
13384,219,23,0.5049
13390,219,23,0.7993
1414,220,132,0.4352
5726,220,132,0.7909
8267,220,132,0.7725
9119,220,132,0.8032
13828,220,132,0.6530
5878,210,23,0.8985
5883,210,23,0.1064
5892,210,23,0.7627
5901,210,23,0.6052
5912,210,23,0.8223
5920,210,23,0.1288
5927,210,23,0.9198
5934,210,23,0.0960
5942,210,23,0.8906
5947,210,23,0.5310
916,217,23,0.4261
1187,217,23,0.3364
2902,217,23,0.2369
2945,217,23,0.1482
4843,217,23,0.7459
8108,217,23,0.3085
8683,217,23,0.7073
12988,217,23,0.3473
12995,217,23,0.7964
12998,217,23,0.8081
454,219,23,0.3310
1567,219,23,0.4689
3670,219,23,0.7878
4129,219,23,0.3759
4964,219,23,0.4334
5471,219,23,0.7359
5879,219,23,0.6987
13136,219,23,0.2033
13396,219,23,0.7034
13401,219,23,0.7892
1538,220,132,0.6898
3000,220,132,0.4818
7251,220,132,0.4471
8207,220,132,0.7980
11368,220,132,0.8080
11745,220,132,0.7983
11793,220,132,0.8147
12492,220,132,0.8164
13006,220,132,0.8046
13379,220,132,0.3071
5953,210,23,0.5296
5963,210,23,0.4877
5970,210,23,0.6209
5979,210,23,0.8470
5994,210,23,0.2818
6008,210,23,0.2796
6013,210,23,0.6437
6017,210,23,0.3174
6026,210,23,0.7204
6033,210,23,0.3490
98,217,23,0.8058
1063,217,23,0.4988
3195,217,23,0.5712
4990,217,23,0.7916
5029,217,23,0.8025
5788,217,23,0.8144
7188,217,23,0.8126
8758,217,23,0.3896
10934,217,23,0.7884
11297,217,23,0.8085
3878,219,23,0.4552
4678,219,23,0.4387
5155,219,23,0.6629
5278,219,23,0.7286
5796,219,23,0.7636
6154,219,23,0.1898
9280,219,23,0.4736
9526,219,23,0.1966
11051,219,23,0.5086
12541,219,23,0.5604
4818,220,132,0.7252
11647,220,132,0.8074
12017,220,132,0.8184
6040,210,23,0.1246
6045,210,23,0.3453
6052,210,23,0.1492
6060,210,23,0.5137
6075,210,23,0.1541
6088,210,23,0.7816
6093,210,23,0.2405
6106,210,23,0.3364
6109,210,23,0.3268
6119,210,23,0.7150
1605,217,107,0.3320
3043,217,107,0.2079
3247,217,107,0.5676
4059,217,107,0.3605
4541,217,107,0.4742
10052,217,107,0.7475
12348,217,107,0.8089
13001,217,107,0.8130
13003,217,107,0.8203
13004,217,107,0.7727
712,219,23,0.3601
2115,219,23,0.7462
5369,219,23,0.4072
5532,219,23,0.6615
7146,219,23,0.7950
9005,219,23,0.6801
10019,219,23,0.8057
13042,219,23,0.8159
13407,219,23,0.6629
13410,219,23,0.2839
2946,220,132,0.2422
13830,220,132,0.2384
6122,210,23,0.7305
6130,210,23,0.4751
6139,210,23,0.4689
6147,210,23,0.4071
6152,210,23,0.7929
6159,210,23,0.3265
6166,210,23,0.5081
6171,210,23,0.4628
6177,210,23,0.7944
6180,210,23,0.4201
574,217,43,0.7232
2973,217,43,0.7750
8379,217,43,0.8623
8793,217,43,0.5858
9068,217,43,0.9051
9306,217,43,0.7585
10348,217,43,0.4633
10712,217,43,0.9182
13009,217,43,0.6574
13011,217,43,0.6930
2706,219,23,0.2750
3353,219,23,0.3666
3973,219,23,0.2023
5954,219,23,0.7751
6096,219,23,0.7193
9600,219,23,0.3755
10877,219,23,0.5729
12461,219,23,0.7929
13417,219,23,0.8125
13421,219,23,0.8102
2134,220,132,0.5884
2544,220,132,0.8430
4905,220,132,0.8947
9748,220,132,0.6658
10053,220,132,0.4366
13831,220,132,0.7707
6184,210,23,0.5776
6194,210,23,0.4496
6204,210,23,0.5024
6211,210,23,0.2382
6215,210,23,0.4279
6225,210,23,0.3045
6234,210,23,0.7974
6240,210,23,0.4364
6249,210,23,0.7837
6257,210,23,0.5628
301,217,43,0.8802
2475,217,43,0.5501
3172,217,43,0.7348
5613,217,43,0.5192
8216,217,43,0.5448
10174,217,43,0.8761
13017,217,43,0.6093
13021,217,43,0.4439
4183,219,23,0.2658
6367,219,23,0.5760
7642,219,23,0.4271
8062,219,23,0.2584
10987,219,23,0.3503
11480,219,23,0.7917
12911,219,23,0.8103
13425,219,23,0.5425
13427,219,23,0.2568
13431,219,23,0.4320
5086,220,132,0.7362
8043,220,132,0.7761
13833,220,132,0.2610
6260,210,23,0.4455
6269,210,23,0.4284
6274,210,23,0.7713
6280,210,23,0.2765
6290,210,23,0.5798
6294,210,23,0.2889
6298,210,23,0.5138
6305,210,23,0.8833
6314,210,23,0.1489
6320,210,23,0.1185
2882,217,43,0.7937
5826,217,43,0.8009
7232,217,43,0.7664
7304,217,43,0.2277
8423,217,43,0.2783
13026,217,43,0.8122
13028,217,43,0.7776
13034,217,43,0.6097
2726,219,107,0.8042
3018,219,107,0.2106
4747,219,107,0.3580
8745,219,107,0.5443
9014,219,107,0.8084
10312,219,107,0.6042
11613,219,107,0.8148
13441,219,107,0.8218
13444,219,107,0.3840
4641,220,132,0.6569
7598,220,132,0.7488
12767,220,132,0.7839
12792,220,132,0.2660
6328,210,23,0.8213
6335,210,23,0.5702
6343,210,23,0.8288
6349,210,23,0.2180
6365,210,23,0.8299
6373,210,23,0.6584
6378,210,23,0.2335
6384,210,23,0.7636
6392,210,23,0.2231
6400,210,23,0.5811
8702,217,43,0.3104
11991,217,43,0.1854
807,219,43,0.7021
1515,219,43,0.6019
3662,219,43,0.3388
4495,219,43,0.7744
9427,219,43,0.1921
9438,219,43,0.8174
10890,219,43,0.7203
12251,219,43,0.3193
13451,219,43,0.7992
13456,219,43,0.5438
594,220,132,0.7639
1797,220,132,0.6589
4668,220,132,0.2221
7872,220,132,0.7981
9128,220,132,0.5125
10810,220,132,0.7022
6406,210,23,0.1837
6411,210,23,0.7551
6422,210,23,0.1872
6440,210,23,0.2956
6444,210,23,0.5395
6459,210,23,0.4171
6473,210,23,0.2123
6478,210,23,0.5531
6483,210,23,0.2799
6489,210,23,0.7548
1964,217,43,0.6932
8693,217,43,0.7585
13041,217,43,0.7938
1507,219,43,0.7965
3688,219,43,0.7370
4258,219,43,0.8025
4853,219,43,0.7957
9127,219,43,0.2852
12176,219,43,0.5883
13463,219,43,0.4850
13465,219,43,0.4877
13473,219,43,0.7873
13478,219,43,0.5955
844,220,132,0.3474
10760,220,132,0.5706
13840,220,132,0.7776
6496,210,23,0.5402
6500,210,23,0.2141
6507,210,23,0.6795
6513,210,23,0.7536
6520,210,23,0.2028
6532,210,23,0.8087
6538,210,23,0.1986
6546,210,23,0.4870
6555,210,23,0.5265
6559,210,23,0.7935
436,217,43,0.7412
2679,217,43,0.8232
3783,217,43,0.7694
5651,217,43,0.2395
12594,217,43,0.8396
13052,217,43,0.6248
13054,217,43,0.5645
160,219,43,0.8052
1640,219,43,0.7723
3072,219,43,0.1979
3364,219,43,0.7837
3990,219,43,0.3378
4765,219,43,0.6088
8968,219,43,0.8077
10453,219,43,0.3467
10502,219,43,0.2020
13484,219,43,0.2060
294,220,132,0.7330
1581,220,132,0.3554
2892,220,132,0.8195
4173,220,132,0.8209
5044,220,132,0.8909
5738,220,132,0.8739
11074,220,132,0.8994
13339,220,132,0.8679
13842,220,132,0.5767
13845,220,132,0.6276
6566,210,23,0.5706
6571,210,23,0.5484
6580,210,23,0.7622
6590,210,23,0.7360
6599,210,23,0.4914
6610,210,23,0.5439
6619,210,23,0.3576
6629,210,23,0.8088
6637,210,23,0.4089
6642,210,23,0.2033
1543,217,43,0.6581
3308,217,43,0.7414
4852,217,43,0.6789
6095,217,43,0.7807
8660,217,43,0.6384
9225,217,43,0.7949
10486,217,43,0.7837
12126,217,43,0.8102
13060,217,43,0.8073
28,219,43,0.5101
189,219,43,0.8421
365,219,43,0.2290
1580,219,43,0.2708
4955,219,43,0.8693
4969,219,43,0.5728
8006,219,43,0.6752
8092,219,43,0.0797
9766,219,43,0.7798
13491,219,43,0.6688
1079,220,23,0.3802
2981,220,23,0.7186
5497,220,23,0.7992
7331,220,23,0.8666
7667,220,23,0.4292
9070,220,23,0.8337
9428,220,23,0.7649
10708,220,23,0.6244
11446,220,23,0.2070
13847,220,23,0.6751
6648,210,23,0.5729
6661,210,23,0.2061
6666,210,23,0.6206
6673,210,23,0.5573
6688,210,23,0.2180
6696,210,23,0.3803
6703,210,23,0.1553
6708,210,23,0.8952
6719,210,23,0.4918
6726,210,23,0.6172
1262,217,17,0.8046
13068,217,17,0.7827
13077,217,17,0.7709
13084,217,17,0.8045
13088,217,17,0.8156
1090,219,43,0.5431
1915,219,43,0.1634
5553,219,43,0.3243
6535,219,43,0.7984
7781,219,43,0.8161
9908,219,43,0.8032
12672,219,43,0.8088
13288,219,43,0.5117
13493,219,43,0.4325
13495,219,43,0.7913
2173,220,23,0.7483
5922,220,23,0.1237
6172,220,23,0.9012
6735,210,23,0.6299
6747,210,23,0.1155
6756,210,23,0.8608
6765,210,23,0.2617
6778,210,23,0.8062
6783,210,23,0.6308
6793,210,23,0.4171
6801,210,23,0.4104
6806,210,23,0.8150
6808,210,23,0.6100
4295,217,17,0.7914
6282,217,17,0.6351
7450,217,17,0.9052
7705,217,17,0.9152
9896,217,17,0.8961
9925,217,17,0.9225
11397,217,17,0.9080
11679,217,17,0.8220
13095,217,17,0.6742
1560,219,43,0.8096
4740,219,43,0.7009
5295,219,43,0.7793
5710,219,43,0.7921
7102,219,43,0.6648
7990,219,43,0.7976
8416,219,43,0.6724
9588,219,43,0.7893
11166,219,43,0.6826
12764,219,43,0.7889
1739,220,23,0.3253
2318,220,23,0.5954
3977,220,23,0.6931
5058,220,23,0.6673
8030,220,23,0.8698
9891,220,23,0.8181
11215,220,23,0.9347
13613,220,23,0.6646
13855,220,23,0.3670
13859,220,23,0.9167
6821,210,23,0.2985
6829,210,23,0.5565
6838,210,23,0.2649
6849,210,23,0.7323
6858,210,23,0.4009
6863,210,23,0.7637
6874,210,23,0.4012
6879,210,23,0.2062
6888,210,23,0.2474
6893,210,23,0.5025
9402,217,93,0.8020
10727,217,93,0.7909
12108,217,93,0.7702
99,219,43,0.2045
789,219,43,0.2397
4359,219,43,0.2083
8335,219,43,0.7916
8602,219,43,0.7681
10835,219,43,0.6417
11496,219,43,0.3051
13502,219,43,0.6134
13505,219,43,0.7061
13510,219,43,0.2725
48,220,23,0.8372
3663,220,23,0.3526
13863,220,23,0.6704
6897,210,23,0.7305
6903,210,23,0.7768
6907,210,23,0.7956
6916,210,23,0.5123
6924,210,23,0.8120
6931,210,23,0.2634
6937,210,23,0.6675
6943,210,23,0.5280
6950,210,23,0.2530
6965,210,23,0.2743
3112,217,93,0.5704
6676,217,93,0.4108
9679,217,93,0.7625
9686,217,93,0.7715
12485,217,93,0.7566
13105,217,93,0.5162
741,219,43,0.8447
4060,219,43,0.3630
5099,219,43,0.4237
5621,219,43,0.2585
5867,219,43,0.8423
6561,219,43,0.5931
7432,219,43,0.7161
8607,219,43,0.6806
12109,219,43,0.3736
13513,219,43,0.5220
3212,220,23,0.1965
3909,220,23,0.7629
3954,220,23,0.8431
5480,220,23,0.5324
6971,210,23,0.3039
6976,210,23,0.4832
6995,210,23,0.1423
7003,210,23,0.2339
7017,210,23,0.5663
7022,210,23,0.5978
7027,210,23,0.2000
7033,210,23,0.7471
7043,210,23,0.3941
7049,210,23,0.2607
654,217,93,0.6565
852,217,93,0.7679
5284,217,93,0.7900
7145,217,93,0.7672
7295,217,93,0.7988
7751,217,93,0.6372
8101,217,93,0.7991
9360,217,93,0.3400
13108,217,93,0.7871
1385,219,17,0.2182
1692,219,17,0.6318
2859,219,17,0.4386
3132,219,17,0.7352
4019,219,17,0.3796
6786,219,17,0.7909
10277,219,17,0.4575
10914,219,17,0.2653
11875,219,17,0.7054
13517,219,17,0.2973
3679,220,23,0.1987
5880,220,23,0.1891
8380,220,23,0.7702
7052,210,23,0.3861
7057,210,23,0.2182
7062,210,23,0.7797
7068,210,23,0.5775
7077,210,23,0.8006
7082,210,23,0.4071
7085,210,23,0.5050
7095,210,23,0.6820
7100,210,23,0.9169
7112,210,23,0.1716
1374,217,93,0.7911
3079,217,93,0.6602
3964,217,93,0.7808
6560,217,93,0.7975
13114,217,93,0.8090
477,219,17,0.6976
1347,219,17,0.7561
3319,219,17,0.1812
4985,219,17,0.2160
5496,219,17,0.4095
7226,219,17,0.7874
8729,219,17,0.7892
12360,219,17,0.7909
12635,219,17,0.8185
13521,219,17,0.8133
445,220,23,0.7103
1496,220,23,0.2934
3184,220,23,0.7321
3828,220,23,0.5222
5720,220,23,0.4324
5955,220,23,0.7719
8343,220,23,0.7591
10269,220,23,0.8000
11949,220,23,0.8058
13868,220,23,0.7880
7121,210,23,0.2412
7129,210,23,0.5958
7134,210,23,0.4418
7142,210,23,0.5802
7151,210,23,0.5396
7157,210,23,0.8970
7165,210,23,0.1258
7172,210,23,0.4307
7182,210,23,0.2524
7186,210,23,0.2497
11629,217,93,0.7477
13117,217,93,0.6398
245,219,17,0.5604
494,219,17,0.7873
4384,219,17,0.4938
5043,219,17,0.4530
5401,219,17,0.5728
10104,219,17,0.2136
12797,219,17,0.2326
13529,219,17,0.7390
13536,219,17,0.8057
13542,219,17,0.3420
2671,220,23,0.7478
2680,220,23,0.4841
10405,220,23,0.5680
7195,210,23,0.2681
7204,210,23,0.3583
7207,210,23,0.7130
7210,210,23,0.7354
7219,210,23,0.6092
7224,210,23,0.2607
7231,210,23,0.6594
7237,210,23,0.7932
7247,210,23,0.1853
7260,210,23,0.7277
6955,217,93,0.2863
10876,217,93,0.2889
3431,219,17,0.6498
3807,219,17,0.6189
7360,219,17,0.3816
9699,219,17,0.2973
12119,219,17,0.4896
13546,219,17,0.2766
13550,219,17,0.5538
13556,219,17,0.7010
13560,219,17,0.0750
13564,219,17,0.5737
2651,220,23,0.2439
2842,220,23,0.6442
6622,220,23,0.6480
11819,220,23,0.6595
11967,220,23,0.4453
13671,220,23,0.8321
13875,220,23,0.5644
7270,210,23,0.4248
7275,210,23,0.2225
7284,210,23,0.3314
7288,210,23,0.2826
7293,210,23,0.7956
7303,210,23,0.3376
7310,210,23,0.1592
7320,210,23,0.7972
7329,210,23,0.1276
7333,210,23,0.3537
5246,217,93,0.6815
13119,217,93,0.7717
2065,219,17,0.5241
2817,219,17,0.9238
5725,219,17,0.6835
6446,219,17,0.0606
10823,219,17,0.7737
11828,219,17,0.8104
12133,219,17,0.9137
13571,219,17,0.9467
13579,219,17,0.0540
13582,219,17,0.8166
13882,220,23,0.6333
13890,220,23,0.5516
7342,210,23,0.2049
7349,210,23,0.6073
7358,210,23,0.7828
7362,210,23,0.6167
7370,210,23,0.7923
7374,210,23,0.8180
7379,210,23,0.1809
7384,210,23,0.7761
7389,210,23,0.4308
7399,210,23,0.2301
5597,217,93,0.2445
6823,217,93,0.4004
7078,217,93,0.7795
10215,217,93,0.6191
13126,217,93,0.7948
683,219,17,0.9151
2543,219,17,0.0681
2742,219,17,0.6528
3196,219,17,0.9347
8157,219,17,0.8664
8252,219,17,0.6990
13591,219,17,0.7476
13595,219,17,0.2079
13600,219,17,0.4731
13605,219,17,0.1776
379,220,23,0.8507
3273,220,23,0.9228
4067,220,23,0.9192
5110,220,23,0.9370
9799,220,23,0.9312
12603,220,23,0.0581
12971,220,23,0.8045
13898,220,23,0.9399
7407,210,23,0.6283
7412,210,23,0.2536
7416,210,23,0.4902
7422,210,23,0.2761
2980,217,93,0.6920
6523,217,93,0.7314
8697,217,93,0.3273
11356,217,93,0.7727
12682,217,93,0.6930
13128,217,93,0.7899
1273,219,17,0.1155
1685,219,17,0.3656
3474,219,17,0.8890
4390,219,17,0.4240
4800,219,17,0.8870
6140,219,17,0.9300
7458,219,17,0.2301
10685,219,17,0.0847
11893,219,17,0.7914
12602,219,17,0.0806
1037,220,23,0.3925
3586,220,23,0.8812
4766,220,23,0.9150
5998,220,23,0.7864
6524,220,23,0.5804
7895,220,23,0.6535
11406,220,23,0.8626
13466,220,23,0.7829
13905,220,23,0.7319
13910,220,23,0.8089
2875,217,93,0.5518
5512,217,93,0.7678
86,219,17,0.4431
4716,219,17,0.6980
4736,219,17,0.2735
6019,219,17,0.7699
7123,219,17,0.3771
7375,219,17,0.8067
7683,219,17,0.1754
9422,219,17,0.8611
9575,219,17,0.8966
10739,219,17,0.7879
981,220,107,0.6140
2707,220,107,0.8447
3617,220,107,0.6881
6711,220,107,0.8723
7715,220,107,0.6189
7926,220,107,0.6373
11619,220,107,0.3831
12655,220,107,0.8836
13914,220,107,0.7138
1630,221,132,0.6138
2441,221,132,0.7795
4801,221,132,0.7897
5454,221,132,0.7524
7588,221,132,0.6796
9260,221,132,0.6889
10349,221,132,0.2236
14060,221,132,0.8079
14064,221,132,0.7978
14065,221,132,0.7955
928,217,93,0.7488
6841,217,93,0.7791
7471,217,93,0.7957
9380,217,93,0.8016
9384,217,93,0.6592
11574,217,93,0.6563
11638,217,93,0.6246
11861,217,93,0.7316
13129,217,93,0.7904
13135,217,93,0.8156
2483,219,17,0.9293
4399,219,17,0.0926
7088,219,17,0.4257
7393,219,17,0.1609
10529,219,17,0.9353
12078,219,17,0.7066
13209,219,17,0.9264
13612,219,17,0.2598
13620,219,17,0.3337
13629,219,17,0.8625
4163,220,43,0.7050
6306,220,43,0.1828
982,221,132,0.7089
1984,221,132,0.7309
3285,221,132,0.7762
6353,221,132,0.7706
7706,221,132,0.7983
10454,221,132,0.8380
13246,221,132,0.7192
14068,221,132,0.8795
14077,221,132,0.9241
14081,221,132,0.9224
5080,217,93,0.7940
6062,217,93,0.5969
13143,217,93,0.7715
4379,219,17,0.6403
7951,219,17,0.5787
8460,219,17,0.3097
11298,219,17,0.6006
11425,219,17,0.2524
12354,219,17,0.9135
12479,219,17,0.1621
12920,219,17,0.6649
13061,219,17,0.4992
13635,219,17,0.9176
517,220,43,0.6633
3248,220,43,0.8119
4503,220,43,0.8026
6386,220,43,0.2330
6644,220,43,0.7760
9527,220,43,0.7725
9640,220,43,0.7672
13035,220,43,0.4971
13915,220,43,0.5263
839,221,132,0.8386
3750,221,132,0.9196
4837,221,132,0.8699
5370,221,132,0.8833
6097,221,132,0.9451
8282,221,132,0.9371
9927,221,132,0.9307
10512,221,132,0.9395
11772,221,132,0.6616
14082,221,132,0.4289
1049,217,93,0.7575
2270,217,93,0.7067
2621,217,93,0.7575
3254,217,93,0.4891
7666,217,93,0.7028
8654,217,93,0.8074
13151,217,93,0.5151
13157,217,93,0.7720
656,219,17,0.0961
2808,219,17,0.0670
3229,219,17,0.7580
5884,219,17,0.9138
5997,219,17,0.7451
6956,219,17,0.2332
8849,219,17,0.2059
10227,219,17,0.5098
13202,219,17,0.5262
13638,219,17,0.7270
3264,220,43,0.2368
6276,220,43,0.7442
7296,220,43,0.7926
9843,220,43,0.2759
12683,220,43,0.8098
13920,220,43,0.6571
13921,220,43,0.5847
13923,220,43,0.7617
133,221,132,0.5642
4471,221,132,0.2797
5739,221,132,0.7795
5905,221,132,0.4514
6751,221,132,0.9271
7741,221,132,0.4907
10530,221,132,0.9253
11666,221,132,0.5334
11862,221,132,0.9064
14085,221,132,0.3564
2344,217,93,0.7294
6668,217,93,0.5710
7584,217,93,0.7861
10390,217,93,0.2144
118,219,17,0.3661
1307,219,17,0.4972
2923,219,17,0.4278
4461,219,17,0.5675
4930,219,17,0.7781
6148,219,17,0.4247
9155,219,17,0.7775
10057,219,17,0.3425
10396,219,17,0.1977
11282,219,17,0.4884
71,220,43,0.7684
3197,220,43,0.2578
29,221,132,0.8128
3608,221,132,0.8863
4906,221,132,0.9018
5361,221,132,0.4635
6134,221,132,0.9101
7238,221,132,0.9286
8990,221,132,0.8200
11648,221,132,0.7380
14087,221,132,0.7884
14088,221,132,0.7970
4494,217,93,0.7335
9836,217,93,0.7727
13162,217,93,0.7614
444,219,17,0.3584
2823,219,17,0.7964
2827,219,17,0.1050
3887,219,17,0.9111
6133,219,17,0.9300
6464,219,17,0.9295
11524,219,17,0.4800
12274,219,17,0.9055
13645,219,17,0.9219
13651,219,17,0.4037
13053,220,43,0.6344
13929,220,43,0.2678
1287,221,132,0.7191
1834,221,132,0.4082
4091,221,132,0.7620
8527,221,132,0.7765
11241,221,132,0.7160
11497,221,132,0.5857
54,217,93,0.7392
6515,217,93,0.7238
13166,217,93,0.7885
1333,219,17,0.1391
1397,219,17,0.1771
10743,219,17,0.3056
11101,219,17,0.2904
11405,219,17,0.1794
12091,219,17,0.1047
12395,219,17,0.6704
13656,219,17,0.2349
13661,219,17,0.1708
13670,219,17,0.8651
2011,220,43,0.3762
2734,220,43,0.5093
4104,220,43,0.8606
8136,220,43,0.3986
8150,220,43,0.3692
12595,220,43,0.8970
13360,220,43,0.5879
13933,220,43,0.3022
9020,221,132,0.7148
13158,221,132,0.2097
5158,217,93,0.6462
8035,217,93,0.7534
9694,217,93,0.7492
81,219,17,0.2649
1036,219,17,0.2870
3606,219,17,0.1538
4323,219,17,0.7311
5716,219,17,0.1427
6501,219,17,0.4829
7881,219,17,0.1298
11145,219,17,0.6341
13089,219,17,0.7894
13682,219,17,0.1853
7278,220,43,0.6627
7444,220,43,0.6055
7814,220,43,0.7304
8093,220,43,0.8363
8454,220,43,0.4351
9493,220,43,0.3396
10548,220,43,0.7806
12387,220,43,0.8538
13940,220,43,0.7090
13943,220,43,0.7889
4121,221,132,0.7204
4931,221,132,0.2455
11432,221,132,0.5991
13511,221,132,0.7821
9654,217,93,0.6611
10528,217,93,0.1532
13172,217,93,0.6438
2440,219,17,0.5854
3568,219,17,0.2155
3585,219,17,0.3887
6982,219,17,0.7640
7352,219,17,0.3901
9019,219,17,0.8063
10998,219,17,0.6327
12693,219,17,0.1966
13686,219,17,0.5235
13695,219,17,0.6784
4120,220,43,0.2373
6738,220,43,0.5880
7478,220,43,0.3889
13216,220,43,0.7511
13951,220,43,0.7668
13959,220,43,0.7975
3460,221,132,0.8123
3894,221,132,0.4416
4819,221,132,0.4859
6368,221,132,0.9019
7486,221,132,0.9274
8075,221,132,0.6319
13196,221,132,0.9091
13297,221,132,0.8649
13736,221,132,0.9264
14091,221,132,0.5284
493,217,93,0.7270
4208,217,93,0.6246
7982,217,93,0.7788
8163,217,93,0.3179
9798,217,93,0.6783
13178,217,93,0.5326
13185,217,93,0.7722
13188,217,93,0.7630
13195,217,93,0.6208
15,219,17,0.7234
178,219,17,0.2836
6811,219,17,0.4449
6945,219,17,0.2198
8626,219,17,0.8474
9809,219,17,0.3063
9973,219,17,0.2066
10728,219,17,0.2413
13271,219,17,0.2008
13696,219,17,0.7074
267,220,43,0.7681
2271,220,43,0.6706
5636,220,43,0.4665
6866,220,43,0.7869
12120,220,43,0.5476
12382,220,43,0.7306
12983,220,43,0.8044
13422,220,43,0.6566
13961,220,43,0.4011
13968,220,43,0.4384
1677,221,23,0.6203
14095,221,23,0.1538
4746,217,43,0.6433
106,219,17,0.3558
1478,219,17,0.4346
2891,219,17,0.8992
3272,219,17,0.9284
8788,219,17,0.3939
8799,219,17,0.3607
12381,219,17,0.4638
12929,219,17,0.9190
13699,219,17,0.3642
13705,219,17,0.5300
468,220,43,0.8166
2771,220,43,0.7382
3029,220,43,0.8383
3113,220,43,0.7247
6346,220,43,0.9049
9695,220,43,0.4729
12976,220,43,0.8919
13621,220,43,0.4991
13973,220,43,0.5821
13974,220,43,0.4814
371,221,23,0.7621
6186,221,23,0.6258
8311,221,23,0.7521
13614,221,23,0.7925
437,219,17,0.9147
872,219,17,0.7899
1237,219,17,0.9190
3371,219,17,0.8222
3624,219,17,0.7032
6484,219,17,0.8825
6932,219,17,0.8980
10578,219,17,0.9436
13713,219,17,0.9361
13716,219,17,0.8322
1091,220,43,0.6835
2930,220,43,0.6184
4717,220,43,0.8016
6812,220,43,0.3963
12715,220,43,0.2591
12728,220,43,0.7902
13978,220,43,0.5657
10620,221,23,0.3856
13152,221,23,0.2843
1080,222,132,0.6324
7010,222,132,0.6227
8823,222,132,0.8450
8991,222,132,0.7506
9768,222,132,0.6653
10498,222,132,0.7964
11542,222,132,0.8060
13924,222,132,0.7691
14066,222,132,0.8039
14252,222,132,0.2012
667,219,17,0.9337
4296,219,17,0.9257
4658,219,17,0.9220
5196,219,17,0.8579
5973,219,17,0.8083
6769,219,17,0.9280
9242,219,17,0.9448
9706,219,17,0.9411
11186,219,17,0.6039
13721,219,17,0.9236
7147,220,43,0.2821
10114,220,43,0.7892
13984,220,43,0.7949
6770,221,23,0.5773
8273,221,23,0.6258
10928,221,23,0.6052
11746,221,23,0.7245
49,222,132,0.5585
2229,222,132,0.7453
3751,222,132,0.3924
4196,222,132,0.7771
6197,222,132,0.7100
6787,222,132,0.2085
12004,222,132,0.8126
13823,222,132,0.8216
13834,222,132,0.8096
14257,222,132,0.2919
835,219,17,0.5153
1676,219,17,0.1484
5204,219,17,0.9411
6055,219,17,0.0567
6428,219,17,0.9421
8109,219,17,0.7823
9538,219,17,0.9326
10117,219,17,0.4511
11253,219,17,0.9102
11575,219,17,0.7347
2622,220,43,0.3510
7630,220,43,0.3603
11610,220,43,0.7732
13986,220,43,0.7796
7770,221,23,0.2853
9029,221,23,0.8408
14100,221,23,0.8912
55,222,132,0.2091
1896,222,132,0.3789
2433,222,132,0.7057
3213,222,132,0.7369
3680,222,132,0.8166
8716,222,132,0.7935
9038,222,132,0.7724
14261,222,132,0.8055
14263,222,132,0.8137
14268,222,132,0.8139
450,219,17,0.6654
3125,219,17,0.5863
8193,219,17,0.3020
8468,219,17,0.9175
10809,219,17,0.6829
12803,219,17,0.5373
13727,219,17,0.4546
13732,219,17,0.8529
13735,219,17,0.8249
13743,219,17,0.6573
431,220,43,0.7816
4780,220,43,0.7689
5965,220,43,0.2570
6480,220,43,0.7244
7376,220,43,0.8000
7541,220,43,0.6923
7994,220,43,0.8089
10175,220,43,0.6918
13988,220,43,0.7907
568,221,23,0.4571
5885,221,23,0.8627
5893,221,23,0.7385
7531,221,23,0.2606
7643,221,23,0.1531
13411,221,23,0.3605
14106,221,23,0.5749
14111,221,23,0.8919
14114,221,23,0.9299
284,222,132,0.7426
1697,222,132,0.8773
2329,222,132,0.9098
3482,222,132,0.9301
10470,222,132,0.5236
10811,222,132,0.6161
11863,222,132,0.9315
12661,222,132,0.2754
13543,222,132,0.7940
14272,222,132,0.7029
536,219,93,0.3503
1895,219,93,0.3471
2104,219,93,0.1655
5393,219,93,0.9043
6077,219,93,0.8652
6112,219,93,0.8260
7136,219,93,0.2511
7305,219,93,0.3463
9666,219,93,0.2955
10623,219,93,0.7420
3354,220,17,0.7913
9867,220,17,0.2687
10858,220,17,0.2966
11386,220,17,0.3414
11720,220,17,0.6554
13793,220,17,0.5432
13995,220,17,0.5874
14000,220,17,0.5020
14005,220,17,0.8461
14012,220,17,0.9134
2476,221,23,0.5281
2991,221,23,0.3914
7752,221,23,0.9171
9071,221,23,0.9362
10975,221,23,0.9078
14118,221,23,0.9385
1387,222,132,0.1922
2708,222,132,0.0995
5339,222,132,0.2865
5740,222,132,0.4445
7401,222,132,0.2089
7495,222,132,0.7955
8283,222,132,0.5207
10513,222,132,0.5032
14275,222,132,0.8142
14277,222,132,0.8192
1024,219,93,0.3410
1833,219,93,0.3885
2915,219,93,0.7978
3678,219,93,0.8000
7009,219,93,0.7803
7851,219,93,0.7293
8504,219,93,0.2149
9179,219,93,0.6680
12369,219,93,0.7885
13746,219,93,0.8200
11261,220,17,0.4426
14017,220,17,0.3337
1263,221,23,0.2783
1807,221,23,0.4559
3744,221,23,0.6043
4266,221,23,0.8715
5375,221,23,0.7705
10270,221,23,0.2317
10370,221,23,0.8183
12265,221,23,0.8189
13467,221,23,0.7890
14122,221,23,0.2582
1756,222,132,0.4025
1790,222,132,0.6301
2105,222,132,0.7609
2700,222,132,0.7804
2828,222,132,0.7962
3321,222,132,0.6583
5659,222,132,0.8236
10657,222,132,0.3085
12781,222,132,0.8012
14283,222,132,0.8072
8164,219,93,0.6495
8359,219,93,0.7881
8521,219,93,0.1922
8944,219,93,0.3576
9218,219,93,0.5365
9447,219,93,0.8173
11431,219,93,0.7512
11744,219,93,0.3411
12786,219,93,0.7910
13749,219,93,0.7145
478,220,17,0.6683
3607,220,17,0.7909
7211,220,17,0.8823
8310,220,17,0.8759
10962,220,17,0.3941
13547,220,17,0.7032
14023,220,17,0.5423
726,221,23,0.4181
10905,221,23,0.5819
13906,221,23,0.7943
14126,221,23,0.5960
14130,221,23,0.6309
595,222,23,0.7458
1025,222,23,0.3665
4148,222,23,0.9077
4669,222,23,0.5742
4685,222,23,0.9217
5111,222,23,0.9413
8711,222,23,0.8992
8956,222,23,0.7662
11407,222,23,0.9343
14286,222,23,0.9381
693,219,93,0.7886
11597,219,93,0.6160
13753,219,93,0.4536
13759,219,93,0.2680
5301,220,17,0.2730
5913,220,17,0.1967
10147,220,17,0.7838
11208,220,17,0.7356
3320,221,23,0.5228
4164,221,23,0.7757
6064,221,23,0.5172
7272,221,23,0.2533
7566,221,23,0.6394
11726,221,23,0.8532
13639,221,23,0.5987
14136,221,23,0.7472
14141,221,23,0.4743
2326,222,23,0.3592
2719,222,23,0.8709
2753,222,23,0.7896
4477,222,23,0.9208
6933,222,23,0.3962
8785,222,23,0.8691
10703,222,23,0.8446
11747,222,23,0.1246
13385,222,23,0.9402
14289,222,23,0.9028
699,219,93,0.7847
4667,219,93,0.6997
4831,219,93,0.5483
6063,219,93,0.5335
405,220,17,0.8006
2484,220,17,0.8437
4284,220,17,0.1050
11943,220,17,0.9094
1953,221,23,0.8164
5765,221,23,0.1633
6161,221,23,0.7826
8224,221,23,0.8223
339,222,23,0.6239
1487,222,23,0.9193
1736,222,23,0.4564
2764,222,23,0.6254
3173,222,23,0.6572
3569,222,23,0.3070
3940,222,23,0.3706
6169,222,23,0.9278
9909,222,23,0.5290
10204,222,23,0.4215
3508,219,93,0.2104
5937,219,93,0.7357
9416,219,93,0.2256
12680,219,93,0.7588
82,220,17,0.7478
1274,220,17,0.8063
5354,220,17,0.7559
5385,220,17,0.6147
7199,220,17,0.1341
12809,220,17,0.8760
13012,220,17,0.7061
13062,220,17,0.7981
14031,220,17,0.7876
4748,221,23,0.4909
5804,221,23,0.6449
6739,221,23,0.6822
14146,221,23,0.9007
14158,221,23,0.2107
14165,221,23,0.2100
627,222,23,0.7931
1038,222,23,0.5392
5395,222,23,0.9194
5523,222,23,0.9255
5789,222,23,0.6103
6009,222,23,0.5201
10478,222,23,0.8711
13722,222,23,0.8908
14293,222,23,0.1686
14299,222,23,0.5739
1466,219,93,0.5995
9392,219,93,0.3905
12736,219,93,0.6491
13096,220,17,0.2407
14035,220,17,0.7648
14041,220,17,0.6611
14046,220,17,0.7698
1686,221,23,0.6910
11387,221,23,0.2745
506,222,23,0.3771
2605,222,23,0.8613
5956,222,23,0.5663
11673,222,23,0.2298
12110,222,23,0.4815
12198,222,23,0.1991
12304,222,23,0.5589
13144,222,23,0.8175
13432,222,23,0.8520
14303,222,23,0.6883
4275,219,93,0.3214
13762,219,93,0.6945
13769,219,93,0.2601
13771,219,93,0.2464
1568,220,17,0.7750
3381,220,17,0.8718
3386,220,17,0.9141
5240,220,17,0.5403
6540,220,17,0.7517
8194,220,17,0.3715
9570,220,17,0.8039
11836,220,17,0.8780
12542,220,17,0.7588
13043,220,17,0.7936
3185,221,23,0.5600
5394,221,23,0.8535
9006,221,23,0.8268
9731,221,23,0.4665
11473,221,23,0.7435
948,222,23,0.5449
1135,222,23,0.6559
1993,222,23,0.3524
4385,222,23,0.6108
4729,222,23,0.7354
5489,222,23,0.7653
7437,222,23,0.6160
9688,222,23,0.6362
10105,222,23,0.2680
10353,222,23,0.6871
7621,219,93,0.3057
7638,219,93,0.7435
8961,219,93,0.1645
13777,219,93,0.7595
2305,220,17,0.8058
3646,220,17,0.8056
4324,220,17,0.8097
5259,220,17,0.7643
6926,220,17,0.8171
14052,220,17,0.7451
3198,221,23,0.1469
11190,221,23,0.4444
4076,222,23,0.8829
8246,222,23,0.6156
8661,222,23,0.8464
9844,222,23,0.6264
12215,222,23,0.8589
12900,222,23,0.6887
13397,222,23,0.9073
13883,222,23,0.9164
14310,222,23,0.8967
14314,222,23,0.6369
4454,219,93,0.2627
5857,219,93,0.3098
13220,219,93,0.1685
13781,219,93,0.1175
1286,220,17,0.7680
1386,220,17,0.6970
2003,220,17,0.6444
3410,220,17,0.7765
4209,220,17,0.7935
4400,220,17,0.8968
8800,220,17,0.4738
9687,220,17,0.7407
10391,220,17,0.7365
11696,220,17,0.4319
1380,221,23,0.3822
3829,221,23,0.7696
5938,221,23,0.8263
6078,221,23,0.7437
8183,221,23,0.6499
12294,221,23,0.7395
12419,221,23,0.3006
14169,221,23,0.7500
455,222,23,0.6704
3058,222,23,0.6713
4305,222,23,0.7925
8274,222,23,0.8128
9429,222,23,0.8124
12388,222,23,0.5429
13137,222,23,0.8130
13782,222,23,0.6235
14320,222,23,0.7582
14324,222,23,0.8101
7514,219,93,0.6320
13130,219,93,0.2938
13788,219,93,0.2775
13790,219,93,0.7265
198,220,93,0.7733
2883,220,93,0.8017
3965,220,93,0.7456
4297,220,93,0.7297
4428,220,93,0.4542
9707,220,93,0.8211
12488,220,93,0.7945
12700,220,93,0.7557
12886,220,93,0.7962
808,221,23,0.2394
1577,221,23,0.2287
1771,221,23,0.5362
1789,221,23,0.8618
4542,221,23,0.6906
6677,221,23,0.6872
6867,221,23,0.6933
6966,221,23,0.4887
11697,221,23,0.7189
1315,222,23,0.6285
2947,222,23,0.7248
5182,222,23,0.8699
8123,222,23,0.9057
9312,222,23,0.7245
9362,222,23,0.9270
11498,222,23,0.8945
11807,222,23,0.9426
12964,222,23,0.6331
14331,222,23,0.9347
7660,219,93,0.6665
13792,219,93,0.4781
13802,219,93,0.6219
2657,221,23,0.8381
5320,221,23,0.9313
6900,221,23,0.8912
9156,221,23,0.4936
10859,221,23,0.5796
11254,221,23,0.8663
11589,221,23,0.8960
12181,221,23,0.8619
13315,221,23,0.8737
1212,222,23,0.6126
1924,222,23,0.7875
2116,222,23,0.4738
5752,222,23,0.7412
5923,222,23,0.6566
6401,222,23,0.3114
7472,222,23,0.3405
11502,222,23,0.5974
13097,222,23,0.5715
14333,222,23,0.6450
100,223,132,0.5712
7459,223,132,0.6487
7608,223,132,0.8960
7961,223,132,0.9274
11102,223,132,0.5143
12286,223,132,0.9264
13944,223,132,0.4437
14069,223,132,0.8194
14578,223,132,0.7950
14579,223,132,0.7315
5431,219,93,0.6817
9361,219,93,0.3836
11680,219,93,0.5192
7114,221,107,0.7318
8469,221,107,0.2518
11806,221,107,0.5364
13565,221,107,0.7919
14173,221,107,0.8129
14174,221,107,0.8142
3372,222,23,0.7607
3640,222,23,0.5412
6098,222,23,0.9270
6226,222,23,0.9059
6678,222,23,0.8850
6691,222,23,0.9126
6868,222,23,0.6659
10556,222,23,0.2758
10729,222,23,0.8054
13687,222,23,0.9389
3895,223,132,0.2656
4598,223,132,0.8551
5569,223,132,0.8268
10007,223,132,0.9015
10455,223,132,0.8305
10595,223,132,0.7997
10980,223,132,0.6471
11552,223,132,0.9038
13230,223,132,0.6510
14581,223,132,0.7594
6352,219,93,0.2350
8259,219,93,0.8170
8941,219,93,0.2485
3492,221,107,0.4609
7261,221,107,0.5830
8399,221,107,0.7783
12500,221,107,0.7836
13221,221,107,0.6863
14177,221,107,0.7846
2576,222,23,0.8884
3461,222,23,0.9339
5030,222,23,0.1971
7915,222,23,0.9119
10652,222,23,0.9334
10955,222,23,0.4825
11529,222,23,0.3884
12716,222,23,0.6251
13222,222,23,0.8381
14166,222,23,0.5585
8976,223,23,0.4557
14583,223,23,0.7590
8688,219,93,0.6249
13804,219,93,0.8005
13809,219,93,0.2497
1164,221,107,0.4935
1398,221,107,0.5990
4046,221,107,0.8592
9918,221,107,0.4223
10208,221,107,0.4975
13229,221,107,0.6880
13813,221,107,0.8072
14183,221,107,0.7260
14185,221,107,0.7564
1614,222,23,0.8372
6387,222,23,0.5120
6831,222,23,0.6703
8336,222,23,0.7950
9281,222,23,0.9419
9940,222,23,0.9364
13311,222,23,0.9071
14337,222,23,0.9027
14345,222,23,0.9450
14348,222,23,0.9493
2642,223,23,0.6982
13457,223,23,0.1917
14123,223,23,0.3325
9385,219,93,0.7475
13018,219,93,0.3541
13810,219,93,0.5359
7782,221,43,0.7756
8571,221,43,0.3745
9877,221,43,0.6449
11869,221,43,0.7909
12759,221,43,0.7705
12875,221,43,0.8097
14186,221,43,0.8138
14191,221,43,0.5117
1857,222,23,0.9410
2034,222,23,0.7758
3300,222,23,0.5315
3355,222,23,0.8564
4325,222,23,0.6909
8195,222,23,0.4277
8386,222,23,0.2774
9528,222,23,0.7795
10944,222,23,0.3476
11705,222,23,0.8273
4820,223,23,0.7306
4838,223,23,0.3085
9201,223,23,0.6002
10692,223,23,0.7174
10988,223,23,0.7545
11568,223,23,0.9145
3554,219,93,0.4332
3653,219,93,0.4962
7797,219,93,0.3796
1205,221,43,0.7790
3237,221,43,0.7961
3784,221,43,0.8080
4061,221,43,0.2204
8360,221,43,0.2068
8971,221,43,0.8174
10432,221,43,0.8141
12142,221,43,0.7880
14199,221,43,0.5595
1497,222,23,0.8998
1594,222,23,0.3380
2272,222,23,0.9206
4085,222,23,0.9042
5321,222,23,0.8685
6323,222,23,0.8505
6354,222,23,0.7977
8490,222,23,0.6776
10176,222,23,0.6813
14356,222,23,0.5773
596,223,23,0.2183
1388,223,23,0.2791
4197,223,23,0.7783
6413,223,23,0.8106
732,219,93,0.3613
2956,219,93,0.7729
3926,219,93,0.8365
11550,219,93,0.8870
12385,219,93,0.7536
12780,219,93,0.7649
12791,219,93,0.3374
13249,219,93,0.2118
13812,219,93,0.8904
13820,219,93,0.7455
1415,221,43,0.6105
1437,221,43,0.7726
2730,221,43,0.7290
5980,221,43,0.8608
6842,221,43,0.6349
7973,221,43,0.5821
10058,221,43,0.8364
10744,221,43,0.7534
13022,221,43,0.3503
13697,221,43,0.3693
168,222,23,0.7238
3521,222,23,0.7403
3785,222,23,0.2270
4210,222,23,0.8215
4429,222,23,0.3781
5012,222,23,0.8560
5260,222,23,0.7977
7852,222,23,0.6508
9625,222,23,0.9360
12295,222,23,0.9177
10885,223,23,0.6360
14427,223,23,0.6884
1064,219,93,0.8759
2213,219,93,0.9211
2346,219,93,0.8549
2597,219,93,0.7569
5181,219,93,0.8231
7418,219,93,0.8570
8538,219,93,0.4572
11689,219,93,0.7433
13255,219,93,0.8797
13822,219,93,0.7591
4043,221,17,0.3456
4174,221,17,0.9011
7285,221,17,0.9288
9180,221,17,0.9362
9790,221,17,0.6871
9872,221,17,0.9348
11089,221,17,0.6665
14205,221,17,0.9381
446,222,23,0.2568
878,222,23,0.1861
1531,222,23,0.9263
2496,222,23,0.0792
2785,222,23,0.8432
4298,222,23,0.9281
10242,222,23,0.9246
11317,222,23,0.9072
13764,222,23,0.0902
14359,222,23,0.1561
1885,223,23,0.7507
4372,223,23,0.3543
6794,223,23,0.5470
8424,223,23,0.2255
8440,223,23,0.2213
14242,223,23,0.7429
119,221,17,0.6943
4276,221,17,0.8227
4844,221,17,0.8350
5148,221,17,0.1094
10220,221,17,0.7177
14213,221,17,0.9258
154,222,23,0.7739
675,222,23,0.6596
1479,222,23,0.7338
3398,222,23,0.7671
5118,222,23,0.7372
8555,222,23,0.7894
12266,222,23,0.5652
13622,222,23,0.7744
14366,222,23,0.7515
14370,222,23,0.7511
5437,223,23,0.3865
14590,223,23,0.3498
3051,224,132,0.5167
3738,224,132,0.7834
5094,224,132,0.7439
6441,224,132,0.6776
7137,224,132,0.2375
7685,224,132,0.7509
8532,224,132,0.7931
8902,224,132,0.7986
14006,224,132,0.3119
14873,224,132,0.7468
3664,221,17,0.3640
4597,221,17,0.1579
2536,222,107,0.7376
5560,222,107,0.6875
7239,222,107,0.8077
8908,222,107,0.8116
9791,222,107,0.2244
10232,222,107,0.4171
13303,222,107,0.8306
14376,222,107,0.7491
14377,222,107,0.8108
14379,222,107,0.7710
2060,223,23,0.7231
10479,223,23,0.7619
12930,223,23,0.8888
3388,224,132,0.1615
6022,224,132,0.2349
11408,224,132,0.2445
13962,224,132,0.3105
14414,224,132,0.6912
14450,224,132,0.8004
7089,221,17,0.3185
13272,221,17,0.2167
647,222,43,0.7836
929,222,43,0.7041
2518,222,43,0.7607
4062,222,43,0.7135
4504,222,43,0.6362
5432,222,43,0.7770
6337,222,43,0.8069
8524,222,43,0.8227
10006,222,43,0.5505
11038,222,43,0.7516
223,223,23,0.6847
2565,223,23,0.8816
3494,223,23,0.7913
6029,223,23,0.6295
6486,223,23,0.7558
12207,223,23,0.5421
12339,223,23,0.9115
13537,223,23,0.9307
14480,223,23,0.1611
14592,223,23,0.9406
549,224,132,0.7100
1288,224,132,0.7821
5032,224,132,0.5669
9055,224,132,0.7240
9307,224,132,0.7674
11052,224,132,0.8748
11802,224,132,0.7816
14877,224,132,0.7480
14879,224,132,0.7800
14882,224,132,0.6392
2246,221,17,0.3540
7069,221,17,0.8365
11899,221,17,0.4735
3144,222,43,0.7680
4718,222,43,0.7277
5087,222,43,0.2556
5472,222,43,0.8066
7639,222,43,0.7786
7995,222,43,0.7849
8808,222,43,0.8161
9517,222,43,0.7337
10800,222,43,0.5882
14384,222,43,0.8926
2851,223,23,0.2564
4411,223,23,0.6706
7424,223,23,0.3423
11333,223,23,0.7003
11507,223,23,0.7223
12826,223,23,0.6902
14101,223,23,0.4763
14596,223,23,0.2109
14602,223,23,0.7891
14604,223,23,0.7875
145,224,132,0.7830
169,224,132,0.7672
637,224,132,0.7803
4462,224,132,0.6673
4956,224,132,0.5774
7820,224,132,0.5593
8451,224,132,0.8009
9272,224,132,0.8115
9326,224,132,0.7951
14885,224,132,0.7601
1599,221,17,0.2755
2593,221,17,0.2403
3154,221,17,0.6224
4253,221,17,0.7865
4496,221,17,0.2202
10579,221,17,0.8010
12887,221,17,0.7902
14220,221,17,0.4956
14224,221,17,0.7792
43,222,43,0.3443
2658,222,43,0.4028
3243,222,43,0.8662
3334,222,43,0.6855
4446,222,43,0.4890
6020,222,43,0.2857
6034,222,43,0.7327
9025,222,43,0.7621
9998,222,43,0.6143
11997,222,43,0.4859
2554,223,23,0.3438
3701,223,23,0.7735
5234,223,23,0.7629
5614,223,23,0.2208
8638,223,23,0.4877
10644,223,23,0.7266
11075,223,23,0.8323
11837,223,23,0.1263
13354,223,23,0.8160
14609,223,23,0.7283
6125,224,132,0.6536
7905,224,132,0.3549
10290,224,132,0.7973
246,221,17,0.8922
396,221,17,0.2693
1275,221,17,0.0918
6996,221,17,0.9210
9457,221,17,0.1958
11681,221,17,0.8819
13203,221,17,0.8482
14231,221,17,0.5255
825,222,43,0.3609
1667,222,43,0.7206
2135,222,43,0.3976
3846,222,43,0.7626
4360,222,43,0.7875
10216,222,43,0.5778
10636,222,43,0.8067
13023,222,43,0.8081
14389,222,43,0.8221
14391,222,43,0.8257
4,223,23,0.3127
414,223,23,0.7655
3563,223,23,0.7781
6079,223,23,0.6010
6753,223,23,0.6301
6946,223,23,0.7595
7298,223,23,0.8081
11304,223,23,0.1891
11309,223,23,0.7846
12443,223,23,0.8007
9910,224,132,0.7399
14887,224,132,0.7864
824,221,17,0.6523
10321,221,17,0.8063
13548,221,17,0.7601
1276,222,43,0.6772
1467,222,43,0.7936
1521,222,43,0.4960
2524,222,43,0.5661
3255,222,43,0.7541
6065,222,43,0.7882
7353,222,43,0.6924
8691,222,43,0.8023
9373,222,43,0.7224
11667,222,43,0.8064
856,223,23,0.3191
1251,223,23,0.6118
3546,223,23,0.6164
3879,223,23,0.5336
5100,223,23,0.6701
5806,223,23,0.3764
6934,223,23,0.6840
7176,223,23,0.7850
7289,223,23,0.2502
13250,223,23,0.1797
10427,224,132,0.7197
10720,224,132,0.6655
1891,221,17,0.7669
5481,221,17,0.5777
5628,221,17,0.8378
11316,221,17,0.1093
13036,221,17,0.4648
79,222,43,0.8138
1120,222,43,0.7852
3527,222,43,0.8024
7233,222,43,0.2296
8865,222,43,0.3061
11009,222,43,0.5197
13549,222,43,0.4927
13778,222,43,0.7489
14187,222,43,0.2448
14397,222,43,0.7888
1945,223,23,0.8223
4008,223,23,0.7394
4077,223,23,0.3394
4278,223,23,0.2724
6141,223,23,0.2844
6713,223,23,0.3587
8760,223,23,0.4742
9529,223,23,0.7984
10060,223,23,0.5665
14615,223,23,0.7306
846,224,132,0.6088
2419,224,132,0.6089
3335,224,132,0.6289
3766,224,132,0.9193
4945,224,132,0.9064
7420,224,132,0.8880
7502,224,132,0.7090
7833,224,132,0.8117
9015,224,132,0.5846
14889,224,132,0.6453
1430,221,17,0.5625
3939,221,17,0.3752
7212,221,17,0.8494
8305,221,17,0.7700
11960,221,17,0.7908
14237,221,17,0.3258
972,222,43,0.7021
1103,222,43,0.8113
3927,222,43,0.6990
5302,222,43,0.7935
5671,222,43,0.8035
6113,222,43,0.7051
7445,222,43,0.2909
9878,222,43,0.6191
12377,222,43,0.7877
13969,222,43,0.7916
2136,223,23,0.3236
7622,223,23,0.2602
11911,223,23,0.3453
14618,223,23,0.7949
6814,224,132,0.1492
8888,224,132,0.5008
3555,221,17,0.5523
4693,221,17,0.8320
6182,221,17,0.2779
9319,221,17,0.6969
10754,221,17,0.7603
14241,221,17,0.5491
14247,221,17,0.7722
2187,222,43,0.4452
3978,222,43,0.2751
6447,222,43,0.5763
8102,222,43,0.7963
8874,222,43,0.7992
11506,222,43,0.4201
11917,222,43,0.3589
12957,222,43,0.6340
14402,222,43,0.4985
14404,222,43,0.6515
2745,223,23,0.2108
12571,223,23,0.8324
14622,223,23,0.8064
1094,224,132,0.5455
2403,224,132,0.7743
3729,224,132,0.7250
6198,224,132,0.7456
7916,224,132,0.7503
12597,224,132,0.9025
13190,224,132,0.6700
13829,224,132,0.5679
14891,224,132,0.7579
14894,224,132,0.6932
2228,221,17,0.2957
3720,221,17,0.7484
4767,221,17,0.8008
5435,221,17,0.7267
6474,221,17,0.7314
10248,221,17,0.7998
10951,221,17,0.3813
11551,221,17,0.8486
12261,221,17,0.4468
13763,221,17,0.8257
107,222,43,0.8339
5810,222,43,0.5383
6213,222,43,0.8438
7577,222,43,0.9373
7983,222,43,0.5845
9001,222,43,0.7937
12434,222,43,0.6405
12751,222,43,0.5838
13789,222,43,0.6990
14407,222,43,0.2476
10699,223,23,0.4183
11885,223,23,0.5187
2035,224,132,0.6868
3991,224,132,0.6561
4659,224,132,0.6467
8684,224,132,0.7169
11864,224,132,0.6411
13751,224,132,0.8053
13825,224,132,0.8120
14895,224,132,0.8176
942,221,93,0.7544
2347,221,93,0.7448
5704,221,93,0.7680
7873,221,93,0.7936
10915,221,93,0.6688
11764,221,93,0.4165
12493,221,93,0.8040
12596,221,93,0.7926
13672,221,93,0.8314
2485,222,43,0.8218
4924,222,43,0.7618
7297,222,43,0.7310
9181,222,43,0.8254
9476,222,43,0.7916
11308,222,43,0.5530
12010,222,43,0.7985
12760,222,43,0.7882
13044,222,43,0.8188
13063,222,43,0.7872
1277,223,23,0.2717
11515,223,23,0.3648
583,224,132,0.7564
1081,224,132,0.6753
14898,224,132,0.7895
14901,224,132,0.8177
1153,222,43,0.6760
2582,222,43,0.7676
5173,222,43,0.8403
6014,222,43,0.6709
6155,222,43,0.7928
8173,222,43,0.7559
8325,222,43,0.6059
13503,222,43,0.7615
14412,222,43,0.4236
14421,222,43,0.2428
826,223,23,0.3100
10779,223,23,0.3981
1631,224,132,0.5846
2392,224,132,0.4603
4149,224,132,0.3738
6542,224,132,0.7568
8836,224,132,0.5351
9792,224,132,0.7859
11553,224,132,0.5690
14902,224,132,0.7882
14905,224,132,0.7833
14911,224,132,0.8051
330,225,132,0.4776
2299,225,132,0.6344
3462,225,132,0.6620
4337,225,132,0.6629
5261,225,132,0.6915
7037,225,132,0.5530
9332,225,132,0.7960
9409,225,132,0.3483
12018,225,132,0.8045
12782,225,132,0.8116
230,222,43,0.6368
4557,222,43,0.3247
6277,222,43,0.2326
7831,222,43,0.7143
9673,222,43,0.2144
10228,222,43,0.2958
10624,222,43,0.5412
10878,222,43,0.9005
11794,222,43,0.7042
14426,222,43,0.3696
204,223,23,0.5519
2372,223,23,0.8605
7124,223,23,0.7374
8196,223,23,0.4118
9195,223,23,0.6381
10298,223,23,0.7202
11195,223,23,0.7836
13106,223,23,0.4739
14526,223,23,0.7151
14626,223,23,0.5922
6448,224,132,0.4072
8110,224,132,0.2481
8409,224,132,0.8050
9062,224,132,0.8059
9468,224,132,0.2462
9827,224,132,0.3196
9999,224,132,0.4349
12362,224,132,0.5626
13242,224,132,0.2724
14914,224,132,0.6024
597,225,132,0.6681
4229,225,132,0.7009
7526,225,132,0.8051
7555,225,132,0.3963
10532,225,132,0.7278
12940,225,132,0.2201
14380,225,132,0.8062
14428,225,132,0.7510
14846,225,132,0.8131
15010,225,132,0.5840
5059,222,43,0.7628
5355,222,43,0.7738
6889,222,43,0.7524
8351,222,43,0.3619
8773,222,43,0.7985
12921,222,43,0.8075
13120,222,43,0.8177
13583,222,43,0.1928
14433,222,43,0.7274
14439,222,43,0.6472
2074,223,23,0.5167
2876,223,23,0.7727
11067,223,23,0.7803
12060,223,23,0.6748
1480,224,132,0.6305
5285,224,132,0.6738
7942,224,132,0.8714
8400,224,132,0.5077
8644,224,132,0.6525
9087,224,132,0.9368
9732,224,132,0.5681
10413,224,132,0.9276
11062,224,132,0.8021
13452,224,132,0.8058
108,225,23,0.6816
1407,225,23,0.8598
3609,225,23,0.8976
5491,225,23,0.7579
6369,225,23,0.8575
8866,225,23,0.6021
9988,225,23,0.8201
12793,225,23,0.4215
14840,225,23,0.7430
15017,225,23,0.2162
380,222,43,0.8002
2903,222,43,0.3935
3647,222,43,0.7622
4486,222,43,0.7887
6859,222,43,0.2816
12409,222,43,0.7869
12984,222,43,0.4910
13380,222,43,0.7487
14036,222,43,0.7663
14440,222,43,0.8174
2701,223,23,0.3074
3570,223,23,0.6237
7160,223,23,0.8409
2241,224,132,0.9427
4932,224,132,0.6936
5323,224,132,0.9282
5581,224,132,0.9211
7791,224,132,0.9124
8284,224,132,0.8722
8717,224,132,0.7218
9261,224,132,0.2434
12494,224,132,0.7962
14918,224,132,0.7390
7373,225,23,0.2234
10605,225,23,0.5399
1772,222,43,0.4913
2029,222,43,0.4542
2839,222,43,0.1919
5149,222,43,0.2332
6740,222,43,0.6709
7487,222,43,0.1000
12673,222,43,0.5908
14445,222,43,0.5272
14448,222,43,0.4795
14449,222,43,0.5074
2379,223,23,0.6475
2537,223,23,0.1795
3752,223,23,0.7854
4802,223,23,0.8568
5473,223,23,0.8692
6497,223,23,0.2298
6921,223,23,0.1518
10354,223,23,0.8518
12525,223,23,0.7069
14631,223,23,0.4973
2442,224,132,0.7254
2844,224,132,0.6917
4992,224,132,0.7800
5073,224,132,0.8119
7798,224,132,0.7838
7874,224,132,0.7741
9863,224,132,0.6784
10249,224,132,0.7884
11838,224,132,0.8012
12572,224,132,0.8437
255,225,23,0.3185
10906,225,23,0.1401
10935,225,23,0.6160
3199,222,43,0.9011
3493,222,43,0.8362
9725,222,43,0.6769
10745,222,43,0.6134
12220,222,43,0.8952
12604,222,43,0.9295
12656,222,43,0.9259
13754,222,43,0.7413
14147,222,43,0.8934
538,223,23,0.4183
2992,223,23,0.7975
4917,223,23,0.8125
7929,223,23,0.6854
9386,223,23,0.7403
11010,223,23,0.4404
12396,223,23,0.7770
12548,223,23,0.6225
14013,223,23,0.7075
14634,223,23,0.7363
1965,224,23,0.6442
3001,224,23,0.7444
3929,224,23,0.8952
4306,224,23,0.6104
8313,224,23,0.8336
11076,224,23,0.7489
12373,224,23,0.2730
13737,224,23,0.8923
14025,224,23,0.2256
14919,224,23,0.8495
507,225,23,0.5825
1715,225,23,0.7591
3374,225,23,0.6352
4150,225,23,0.8627
5168,225,23,0.8226
6832,225,23,0.5162
7578,225,23,0.8686
8381,225,23,0.0868
11225,225,23,0.3191
14233,225,23,0.7584
350,222,17,0.8798
755,222,17,0.9034
2161,222,17,0.9322
2365,222,17,0.9252
3387,222,17,0.9445
4184,222,17,0.8881
4277,222,17,0.9405
5805,222,17,0.9149
6813,222,17,0.9284
12946,222,17,0.9439
773,223,23,0.5788
5072,223,23,0.8000
1137,224,23,0.4554
1503,224,23,0.8460
1916,224,23,0.8739
4198,224,23,0.8162
4402,224,23,0.8080
4440,224,23,0.3207
4742,224,23,0.3950
9449,224,23,0.4137
10746,224,23,0.8061
12283,224,23,0.8095
1858,225,23,0.0960
12852,225,23,0.8125
14350,225,23,0.0951
1008,222,17,0.0900
3727,222,17,0.7434
3808,222,17,0.4125
4267,222,17,0.9172
7036,222,17,0.1364
7190,222,17,0.2263
9554,222,17,0.7298
11884,222,17,0.7685
12836,222,17,0.1918
13273,222,17,0.4320
273,223,23,0.5682
7567,223,23,0.5490
2147,224,23,0.3636
3955,224,23,0.5588
4254,224,23,0.7997
10678,224,23,0.6918
12231,224,23,0.6124
14128,224,23,0.1032
4576,225,23,0.7217
11016,225,23,0.7497
12042,225,23,0.7856
1944,222,17,0.8067
3800,222,17,0.3280
3999,222,17,0.8424
5606,222,17,0.6926
7252,222,17,0.8944
10221,222,17,0.8383
10976,222,17,0.9209
11682,222,17,0.8608
12867,222,17,0.9140
14451,222,17,0.7834
138,223,23,0.4312
14637,223,23,0.8221
743,224,23,0.8527
1836,224,23,0.5006
3081,224,23,0.8849
4670,224,23,0.3291
4695,224,23,0.8485
5818,224,23,0.7569
5928,224,23,0.8722
7372,224,23,0.6241
14927,224,23,0.8775
14931,224,23,0.2346
2905,225,23,0.3701
4009,225,23,0.6167
5807,225,23,0.2780
6214,225,23,0.6244
7253,225,23,0.9074
11154,225,23,0.8217
12276,225,23,0.8959
12351,225,23,0.8161
13312,225,23,0.2709
936,222,17,0.4474
2558,222,17,0.0947
6173,222,17,0.0951
9249,222,17,0.1214
11021,222,17,0.8700
11216,222,17,0.1577
12402,222,17,0.2129
12977,222,17,0.6632
14042,222,17,0.7525
14127,222,17,0.5065
548,223,23,0.7093
1835,223,23,0.4562
4907,223,23,0.1856
10917,223,23,0.1130
11255,223,23,0.8643
14644,223,23,0.8778
3435,224,107,0.9103
5924,224,107,0.8674
8852,224,107,0.9109
8894,224,107,0.5431
10303,224,107,0.5757
11539,224,107,0.6134
13821,224,107,0.6808
14934,224,107,0.5714
14935,224,107,0.3630
3588,225,107,0.8469
7433,225,107,0.7646
7559,225,107,0.6509
10392,225,107,0.8948
15024,225,107,0.4583
527,222,17,0.2762
1693,222,17,0.2220
1865,222,17,0.6004
2348,222,17,0.6279
6283,222,17,0.3016
12097,222,17,0.2055
13636,222,17,0.3477
14456,222,17,0.2313
14464,222,17,0.4696
14471,222,17,0.1254
920,223,23,0.3539
3145,223,23,0.2373
3399,223,23,0.7506
4241,223,23,0.7836
5966,223,23,0.2954
6623,223,23,0.3522
8037,223,23,0.7976
12717,223,23,0.1970
14648,223,23,0.4715
14656,223,23,0.4571
320,224,43,0.7995
2635,224,43,0.6621
6516,224,43,0.5246
7200,224,43,0.8705
10008,224,43,0.9124
10106,224,43,0.7270
11740,224,43,0.6684
13566,224,43,0.7974
13975,224,43,0.7967
14937,224,43,0.8014
341,225,107,0.3700
550,225,107,0.2295
9056,225,107,0.7724
11969,225,107,0.4256
1165,222,17,0.4318
5850,222,17,0.3482
6485,222,17,0.3837
8834,222,17,0.9201
11487,222,17,0.9064
11961,222,17,0.3250
13506,222,17,0.3407
14024,222,17,0.3600
14473,222,17,0.1542
14479,222,17,0.5163
120,223,107,0.4053
1642,223,107,0.7937
4228,223,107,0.6978
9131,223,107,0.5223
10435,223,107,0.8041
12486,223,107,0.8120
13442,223,107,0.8192
190,224,43,0.6730
2917,224,43,0.2206
3702,224,43,0.8084
5869,224,43,0.7833
6324,224,43,0.7987
6788,224,43,0.7301
9478,224,43,0.8053
10812,224,43,0.7551
12008,224,43,0.7757
13121,224,43,0.7322
7520,225,107,0.7457
7737,225,107,0.7758
15025,225,107,0.2051
4380,222,17,0.7128
5436,222,17,0.1605
5886,222,17,0.1932
10613,222,17,0.3752
10686,222,17,0.3721
11167,222,17,0.6353
11620,222,17,0.2040
12626,222,17,0.7896
13572,222,17,0.4656
13592,222,17,0.7992
1417,223,107,0.5590
3406,223,107,0.7562
5414,223,107,0.5546
5981,223,107,0.6560
10315,223,107,0.7926
11153,223,107,0.3273
11977,223,107,0.7988
14067,223,107,0.8072
14083,223,107,0.8203
14660,223,107,0.8196
734,224,17,0.6689
13446,224,17,0.5936
1606,225,107,0.7159
1822,225,107,0.6331
2840,225,107,0.7845
7859,225,107,0.7917
8064,225,107,0.2149
10564,225,107,0.8060
12633,225,107,0.8166
13826,225,107,0.8187
14517,225,107,0.8200
15026,225,107,0.8228
983,222,17,0.4080
2091,222,17,0.7997
4020,222,17,0.6927
7019,222,17,0.7823
9928,222,17,0.3871
9974,222,17,0.1991
10081,222,17,0.2450
10603,222,17,0.3372
11262,222,17,0.3952
12413,222,17,0.2741
3080,223,43,0.6140
5705,223,43,0.7332
8130,223,43,0.7326
10068,223,43,0.7118
11727,223,43,0.8081
13153,223,43,0.5596
13333,223,43,0.5037
13601,223,43,0.3134
13849,223,43,0.4996
13917,223,43,0.5811
215,224,17,0.8155
5607,224,17,0.3163
7631,224,17,0.5590
10761,224,17,0.6735
12061,224,17,0.8993
12252,224,17,0.8249
14096,224,17,0.5555
14939,224,17,0.7728
1728,225,43,0.2896
2075,225,43,0.7397
2092,225,43,0.6783
4599,225,43,0.8956
4686,225,43,0.9002
5455,225,43,0.3823
6035,225,43,0.7546
7742,225,43,0.5510
10503,225,43,0.9213
12253,225,43,0.9345
30,222,17,0.2859
733,222,17,0.4074
2939,222,17,0.5234
3509,222,17,0.8259
7394,222,17,0.5984
11968,222,17,0.5008
14484,222,17,0.8019
14489,222,17,0.1805
14495,222,17,0.5383
14500,222,17,0.6823
886,223,43,0.6218
2486,223,43,0.8678
4391,223,43,0.4508
8003,223,43,0.7391
8361,223,43,0.4231
10730,223,43,0.6677
11683,223,43,0.7283
11998,223,43,0.4610
12965,223,43,0.7967
13514,223,43,0.2105
5311,224,17,0.2383
14946,224,17,0.6874
3792,225,43,0.7170
5518,225,43,0.4890
5828,225,43,0.6671
6325,225,43,0.8920
8627,225,43,0.8896
11595,225,43,0.6799
13045,225,43,0.6475
13524,225,43,0.4992
15029,225,43,0.8679
15035,225,43,0.2675
845,222,17,0.2722
1092,222,17,0.3507
1264,222,17,0.7956
3618,222,17,0.4513
4610,222,17,0.1936
6650,222,17,0.6392
8850,222,17,0.2475
12226,222,17,0.2244
12999,222,17,0.7371
13916,222,17,0.4026
351,223,43,0.4390
1582,223,43,0.7180
3073,223,43,0.7936
5376,223,43,0.8159
7525,223,43,0.8231
8581,223,43,0.5540
9941,223,43,0.5853
10716,223,43,0.7018
14232,223,43,0.7921
4069,224,17,0.8376
6107,224,17,0.1758
6307,224,17,0.9307
8730,224,17,0.4374
9243,224,17,0.9097
9712,224,17,0.4344
12177,224,17,0.9159
13561,224,17,0.9077
14149,224,17,0.9068
14950,224,17,0.9258
1489,225,43,0.7424
2884,225,43,0.7965
3571,225,43,0.2983
3958,225,43,0.3625
10364,225,43,0.5344
10830,225,43,0.7722
12070,225,43,0.7429
12719,225,43,0.3884
15041,225,43,0.6901
15043,225,43,0.8874
636,222,17,0.7673
1416,222,17,0.5786
2843,222,17,0.3092
3265,222,17,0.7870
4752,222,17,0.5002
6582,222,17,0.2914
8461,222,17,0.3046
9168,222,17,0.2274
11209,222,17,0.1346
14504,222,17,0.6779
575,223,43,0.3595
4741,223,43,0.5989
5227,223,43,0.4346
8352,223,43,0.3564
12657,223,43,0.4408
12752,223,43,0.7904
13055,223,43,0.7900
13657,223,43,0.8091
14661,223,43,0.8159
14665,223,43,0.3717
3164,224,17,0.7218
3710,224,17,0.7852
5498,224,17,0.8983
8080,224,17,0.8937
8190,224,17,0.8714
8824,224,17,0.8901
8992,224,17,0.1158
11398,224,17,0.8844
12534,224,17,0.1174
12718,224,17,0.6404
3089,225,17,0.4004
5013,225,17,0.8896
5915,225,17,0.0942
7177,225,17,0.7999
9202,225,17,0.3119
10333,225,17,0.9198
10490,225,17,0.9051
11196,225,17,0.9090
1569,222,17,0.8708
4749,222,17,0.8939
6752,222,17,0.9328
7771,222,17,0.8094
8036,222,17,0.5254
10412,222,17,0.8865
11812,222,17,0.8191
13646,222,17,0.0672
13794,222,17,0.5957
14508,222,17,0.6717
5347,223,17,0.7422
5957,223,17,0.3319
9700,223,17,0.7787
11247,223,17,0.5285
11299,223,17,0.8072
12820,223,17,0.2156
13391,223,17,0.8126
14278,223,17,0.8137
14669,223,17,0.7868
14672,223,17,0.3395
528,224,17,0.7310
2606,224,17,0.8829
3919,224,17,0.8899
9597,224,17,0.8823
11779,224,17,0.6727
13386,224,17,0.9079
13885,224,17,0.9058
14349,224,17,0.9046
14649,224,17,0.8353
14955,224,17,0.7811
309,225,17,0.1358
1782,225,17,0.6310
5638,225,17,0.6367
6080,225,17,0.8996
11415,225,17,0.8271
11576,225,17,0.7070
14490,225,17,0.9084
2290,222,17,0.8923
3671,222,17,0.2954
4032,222,17,0.2219
4825,222,17,0.8122
8759,222,17,0.8123
10965,222,17,0.7841
12532,222,17,0.2494
14206,222,17,0.1175
14513,222,17,0.1502
14516,222,17,0.2181
14200,223,17,0.5011
14553,223,17,0.7401
2525,224,17,0.8041
2959,224,17,0.6723
3114,224,17,0.6963
6056,224,17,0.8291
9784,224,17,0.8196
10999,224,17,0.6889
11765,224,17,0.7262
12837,224,17,0.7830
12894,224,17,0.5777
14960,224,17,0.3276
9518,225,17,0.2240
14018,225,17,0.5288
1244,222,17,0.6986
1740,222,17,0.4284
2319,222,17,0.4424
2982,222,17,0.6388
5162,222,17,0.7824
5685,222,17,0.2153
10594,222,17,0.6770
12570,222,17,0.8138
12590,222,17,0.1519
13189,222,17,0.6716
963,223,17,0.6531
8260,223,17,0.6997
14677,223,17,0.2447
1252,224,17,0.5321
1309,224,17,0.2356
2974,224,17,0.2809
6557,224,17,0.3293
6795,224,17,0.7845
7730,224,17,0.1939
7853,224,17,0.8138
9655,224,17,0.5621
11749,224,17,0.7889
14740,224,17,0.8103
1837,225,17,0.5329
1986,225,17,0.3426
2585,225,17,0.6091
5348,225,17,0.2688
6000,225,17,0.5342
9030,225,17,0.1646
10886,225,17,0.8636
14434,225,17,0.7438
14441,225,17,0.7819
15046,225,17,0.7456
537,222,17,0.4173
801,222,17,0.1992
3163,222,17,0.8132
4240,222,17,0.8054
4999,222,17,0.6414
10446,222,17,0.7601
10691,222,17,0.8086
12150,222,17,0.7010
12641,222,17,0.1929
14522,222,17,0.4893
6156,223,17,0.2609
9141,223,17,0.7572
14686,223,17,0.5795
1469,224,17,0.8047
2584,224,17,0.3068
2800,224,17,0.8044
4093,224,17,0.8104
7425,224,17,0.6401
11300,224,17,0.8047
11829,224,17,0.7217
13647,224,17,0.5468
14966,224,17,0.7937
14972,224,17,0.7756
4048,225,17,0.7770
6759,225,17,0.9062
7240,225,17,0.9125
10097,225,17,0.3211
10638,225,17,0.6930
12022,225,17,0.8907
15050,225,17,0.5191
15052,225,17,0.2061
2458,222,17,0.7544
4419,222,17,0.7421
6525,222,17,0.6991
8747,222,17,0.7067
9716,222,17,0.7723
10628,222,17,0.7333
12611,222,17,0.7724
13848,222,17,0.2142
14047,222,17,0.7580
14525,222,17,0.7330
2916,223,17,0.2784
4175,223,17,0.2938
10568,223,17,0.9086
11061,223,17,0.3504
11433,223,17,0.1938
1532,224,17,0.7375
1867,224,17,0.8115
4165,224,17,0.5454
4220,224,17,0.8480
5113,224,17,0.9340
9991,224,17,0.8360
11221,224,17,0.9373
14976,224,17,0.9321
14984,224,17,0.9410
14992,224,17,0.9400
3266,225,17,0.5017
7505,225,17,0.1002
72,222,17,0.2986
247,222,17,0.8744
1299,222,17,0.5562
2214,222,17,0.9096
4347,222,17,0.9152
6880,222,17,0.9228
7262,222,17,0.9210
8539,222,17,0.8710
11364,222,17,0.4103
14528,222,17,0.9241
319,223,17,0.3287
5031,223,17,0.2614
7684,223,17,0.2472
14690,223,17,0.7669
727,224,17,0.0978
4884,224,17,0.2579
5228,224,17,0.8539
6927,224,17,0.7752
9975,224,17,0.8067
12619,224,17,0.6995
13368,224,17,0.8019
14610,224,17,0.8141
14999,224,17,0.6099
15003,224,17,0.7902
1418,225,17,0.2079
2545,225,17,0.8851
9561,225,17,0.9068
10557,225,17,0.6199
11169,225,17,0.8448
11852,225,17,0.7474
13755,225,17,0.3873
14678,225,17,0.8825
214,222,17,0.0876
1875,222,17,0.4789
3862,222,17,0.8266
4694,222,17,0.0949
5507,222,17,0.6807
6957,222,17,0.8943
7753,222,17,0.8680
8063,222,17,0.4325
11474,222,17,0.5470
12230,222,17,0.6995
1876,223,17,0.5835
4313,223,17,0.4230
7904,223,17,0.1675
1146,224,17,0.7805
1561,224,17,0.8113
1970,224,17,0.5057
3286,224,17,0.8006
3309,224,17,0.7639
3801,224,17,0.7073
6251,224,17,0.8013
8596,224,17,0.2030
10471,224,17,0.8125
11365,224,17,0.8083
2231,225,17,0.4364
2393,225,17,0.7594
4000,225,17,0.9043
5362,225,17,0.4218
6227,225,17,0.1835
6974,225,17,0.2333
11640,225,17,0.9139
11999,225,17,0.6664
12480,225,17,0.5493
12831,225,17,0.2684
318,222,17,0.8541
1229,222,17,0.7853
2957,222,17,0.7171
6712,222,17,0.7851
8417,222,17,0.1632
8815,222,17,0.3850
10118,222,17,0.2005
11935,222,17,0.2333
13522,222,17,0.6922
13934,222,17,0.6084
7323,223,17,0.2347
9717,223,17,0.6401
14392,223,17,0.2201
1324,224,93,0.4007
6015,224,93,0.7966
6632,224,93,0.8164
6876,224,93,0.2282
9565,224,93,0.8161
10115,224,93,0.7724
10177,224,93,0.7223
13294,224,93,0.7898
13952,224,93,0.8028
14466,224,93,0.3712
10322,225,17,0.7653
12905,225,17,0.6990
14290,225,17,0.2767
713,222,17,0.8087
1641,222,17,0.5580
5420,222,17,0.8951
8053,222,17,0.4801
8217,222,17,0.3324
8312,222,17,0.1647
10531,222,17,0.9050
11134,222,17,0.8234
14534,222,17,0.1476
14536,222,17,0.8910
7336,223,17,0.6430
9448,223,17,0.5657
14562,223,17,0.7417
12939,224,43,0.6953
1016,225,17,0.6011
6692,225,17,0.8503
7070,225,17,0.8912
12674,225,17,0.5827
15060,225,17,0.6141
2681,222,17,0.8480
4105,222,17,0.9001
4768,222,17,0.9098
8512,222,17,0.6562
9854,222,17,0.7349
10195,222,17,0.9206
10916,222,17,0.9307
11659,222,17,0.2902
11929,222,17,0.7767
14540,222,17,0.9280
6890,223,17,0.2569
10020,223,17,0.7744
13523,223,17,0.7573
7707,224,43,0.3638
3301,225,17,0.2672
7708,225,17,0.2400
1065,222,17,0.1193
1362,222,17,0.7490
3405,222,17,0.5484
6758,222,17,0.9082
7419,222,17,0.9001
10163,222,17,0.8722
14001,222,17,0.6646
14544,222,17,0.1996
14549,222,17,0.2719
14552,222,17,0.7823
3373,223,17,0.4330
4021,223,17,0.2767
4635,223,17,0.2676
14002,223,17,0.3525
539,225,17,0.4319
4660,225,17,0.2983
205,226,132,0.5455
551,226,132,0.7599
4781,226,132,0.7830
5006,226,132,0.3218
6603,226,132,0.7765
7365,226,132,0.6997
8645,226,132,0.7857
13159,226,132,0.7997
13492,226,132,0.7151
14967,226,132,0.7020
2467,222,17,0.8129
3103,222,17,0.8160
4497,222,17,0.8169
5077,222,17,0.8168
6920,222,17,0.5664
7051,222,17,0.7955
13423,222,17,0.7984
14053,222,17,0.3123
14561,222,17,0.7695
14565,222,17,0.8043
6983,223,17,0.4973
9810,223,17,0.2795
14695,223,17,0.7483
5767,225,17,0.5512
14188,225,17,0.7352
4642,226,23,0.8413
4979,226,23,0.3090
5643,226,23,0.8754
7038,226,23,0.9162
10907,226,23,0.9127
11310,226,23,0.3897
12084,226,23,0.8488
14201,226,23,0.1485
14732,226,23,0.7112
14920,226,23,0.8238
2402,222,93,0.6409
3665,222,93,0.2366
4130,222,93,0.7173
4336,222,93,0.2538
7617,222,93,0.7558
9300,222,93,0.7539
10297,222,93,0.3510
12048,222,93,0.7639
12102,222,93,0.8017
13606,222,93,0.5888
1166,223,17,0.7198
5817,223,17,0.7712
6355,223,17,0.6103
10795,223,17,0.7631
11639,223,17,0.4927
14178,223,17,0.7989
756,225,17,0.1863
13205,225,17,0.8296
700,226,23,0.2026
6271,226,23,0.3847
742,222,93,0.7086
1308,222,93,0.6238
2652,222,93,0.7991
5696,222,93,0.8096
9539,222,93,0.4421
10059,222,93,0.4351
10829,222,93,0.8072
13747,222,93,0.8204
14571,222,93,0.8079
14576,222,93,0.8088
611,223,17,0.4237
984,223,17,0.2762
5833,223,17,0.5697
6541,223,17,0.7823
6875,223,17,0.2113
3847,225,17,0.2001
6861,225,17,0.4394
1595,226,23,0.7464
5456,226,23,0.7723
1820,222,132,0.3366
2174,222,132,0.7536
5568,222,132,0.8175
6465,222,132,0.8443
7159,222,132,0.8796
7765,222,132,0.7864
9331,222,132,0.7528
11343,222,132,0.6734
12275,222,132,0.8110
12647,222,132,0.2179
9072,223,17,0.2181
13688,223,17,0.7501
13884,223,17,0.6911
644,225,17,0.8218
3802,225,17,0.2935
9183,225,17,0.9135
10770,225,17,0.9121
11905,225,17,0.7843
14750,225,17,0.9201
4965,226,23,0.7094
5033,226,23,0.7400
7952,226,23,0.2362
8639,226,23,0.7833
10860,226,23,0.8025
13046,226,23,0.8161
13640,226,23,0.6772
15083,226,23,0.8042
3256,223,17,0.5412
7819,223,17,0.1851
2257,225,17,0.4816
6503,225,17,0.7748
10299,225,17,0.2020
11028,225,17,0.1928
13304,225,17,0.3968
9374,226,23,0.5566
14360,226,23,0.4646
14584,226,23,0.5019
3436,227,132,0.7534
4268,227,132,0.8793
5449,227,132,0.8812
8541,227,132,0.6331
8592,227,132,0.7665
10440,227,132,0.8402
11758,227,132,0.9065
12495,227,132,0.6160
12662,227,132,0.2238
13783,227,132,0.7737
1620,223,17,0.3744
3654,223,17,0.7414
5533,223,17,0.4579
9150,223,17,0.7293
9510,223,17,0.7760
10842,223,17,0.6202
11204,223,17,0.7755
13496,223,17,0.7897
14159,223,17,0.7970
14700,223,17,0.8024
191,225,17,0.7220
1508,225,17,0.7254
3966,225,17,0.7768
4420,225,17,0.7269
7011,225,17,0.7893
8731,225,17,0.2465
10178,225,17,0.8293
13090,225,17,0.7668
1716,226,23,0.7359
3127,226,23,0.7598
5907,226,23,0.3086
6815,226,23,0.4244
7773,226,23,0.2047
8662,226,23,0.8470
10824,226,23,0.7705
14003,226,23,0.6567
15086,226,23,0.6655
15089,226,23,0.6974
2860,227,132,0.2866
5138,227,132,0.8254
12321,227,132,0.7959
12729,227,132,0.7870
6592,223,17,0.7767
7079,223,17,0.8101
7655,223,17,0.2015
8018,223,17,0.8132
11116,223,17,0.8097
12361,223,17,0.2117
13835,223,17,0.7933
13876,223,17,0.6245
14705,223,17,0.7490
14709,223,17,0.8473
4033,225,17,0.1440
9219,225,17,0.5171
15066,225,17,0.8763
6574,226,23,0.1978
15093,226,23,0.7793
638,227,132,0.7967
2281,227,132,0.8415
2659,227,132,0.1916
4221,227,132,0.8413
6066,227,132,0.6958
7602,227,132,0.6745
8881,227,132,0.7156
12183,227,132,0.6903
12449,227,132,0.7917
5060,223,17,0.7750
5322,223,17,0.2887
6502,223,17,0.7078
9659,223,17,0.7994
12151,223,17,0.5140
5095,225,17,0.2510
12164,225,17,0.4681
4600,226,23,0.3009
10900,226,23,0.6571
12049,226,23,0.7009
8471,227,132,0.7413
10313,227,132,0.7365
13098,227,132,0.4266
2623,223,17,0.2775
7601,223,17,0.7759
6291,225,17,0.4875
10088,225,17,0.3427
10930,226,23,0.3930
12648,226,23,0.7278
2809,227,132,0.2536
9333,227,132,0.7692
10406,227,132,0.5941
486,223,17,0.7284
3587,223,17,0.7220
10271,223,17,0.7485
11263,223,17,0.7638
11876,223,17,0.6414
14711,223,17,0.8445
3044,225,17,0.7000
6680,225,17,0.6142
6789,225,17,0.7614
2626,226,23,0.4205
13428,226,23,0.8099
67,227,132,0.4996
2449,227,132,0.8673
9793,227,132,0.2721
10300,227,132,0.3919
302,223,17,0.6657
668,223,17,0.2659
1678,223,17,0.6717
2583,223,17,0.3194
4679,223,17,0.3455
5637,223,17,0.4418
7832,223,17,0.2141
12221,223,17,0.6190
13433,223,17,0.4593
14716,223,17,0.7689
170,225,17,0.2896
790,225,17,0.4625
2786,225,17,0.4701
3008,225,17,0.7563
5870,225,17,0.8285
9718,225,17,0.6899
13584,225,17,0.5398
14304,225,17,0.4138
14554,225,17,0.5498
15073,225,17,0.8430
7943,226,23,0.4022
9601,226,23,0.8018
16,227,132,0.4480
612,227,132,0.8198
2076,227,132,0.8280
3019,227,132,0.4771
4166,227,132,0.2634
7688,227,132,0.3385
7882,227,132,0.8433
14892,227,132,0.7523
15130,227,132,0.7780
15133,227,132,0.8106
2230,223,17,0.7832
3765,223,17,0.4419
3825,223,17,0.2449
9501,223,17,0.2131
10420,223,17,0.2044
10704,223,17,0.7080
11739,223,17,0.5933
12612,223,17,0.7842
13596,223,17,0.8112
14054,223,17,0.4083
6120,225,93,0.1699
14160,225,93,0.6280
879,226,23,0.6027
1056,226,23,0.4891
10209,226,23,0.4135
13637,226,23,0.8348
2084,227,132,0.2323
2394,227,132,0.5415
3655,227,132,0.5155
3974,227,132,0.7311
8446,227,132,0.7561
13658,227,132,0.8047
13996,227,132,0.7539
14938,227,132,0.7924
2004,223,17,0.2133
2418,223,17,0.7802
4381,223,17,0.5876
12533,223,17,0.5777
13662,223,17,0.3476
13728,223,17,0.7875
14300,223,17,0.2481
14338,223,17,0.7865
14457,223,17,0.5023
14718,223,17,0.7951
744,225,93,0.7118
1147,225,93,0.5304
7996,225,93,0.7800
9464,225,93,0.6108
11784,225,93,0.7900
13567,225,93,0.1996
13615,225,93,0.8185
14061,225,93,0.8172
15077,225,93,0.8242
4478,226,23,0.6963
9099,226,23,0.6932
12287,226,23,0.8272
13507,226,23,0.7007
10436,227,132,0.7896
11460,227,132,0.5329
13345,227,132,0.1638
462,223,17,0.6939
2958,223,17,0.4747
3918,223,17,0.5387
4430,223,17,0.7670
5490,223,17,0.8057
7896,223,17,0.7849
9477,223,17,0.1865
10082,223,17,0.2203
14225,223,17,0.6489
14413,223,17,0.7168
4569,226,23,0.6756
6905,226,23,0.7693
2012,227,132,0.3676
8482,227,132,0.7069
10792,227,132,0.5317
11653,227,132,0.7667
12514,227,132,0.7890
13990,227,132,0.8035
1607,228,132,0.7397
2085,228,132,0.4025
7161,228,132,0.8019
7221,228,132,0.5778
8924,228,132,0.2566
10570,228,132,0.7844
12489,228,132,0.7881
12877,228,132,0.7749
13115,228,132,0.8032
14037,228,132,0.6492
231,223,17,0.4479
1230,223,17,0.1938
5513,223,17,0.8103
6396,223,17,0.1907
6645,223,17,0.2057
9769,223,17,0.4806
11108,223,17,0.6244
12591,223,17,0.1781
13204,223,17,0.6690
14723,223,17,0.2368
381,226,23,0.2652
495,226,23,0.7175
2182,226,23,0.2313
3863,226,23,0.5817
7178,226,23,0.3334
7479,226,23,0.4556
7623,226,23,0.2395
7854,226,23,0.7985
8094,226,23,0.6935
13530,226,23,0.7910
3718,227,132,0.7616
5312,227,132,0.2331
11937,227,132,0.7701
3281,228,132,0.4543
5045,228,132,0.8410
5835,228,132,0.8844
7179,228,132,0.3599
8158,228,132,0.8422
8937,228,132,0.7925
9952,228,132,0.8415
10671,228,132,0.7940
11103,228,132,0.4339
15311,228,132,0.7851
1245,223,17,0.3251
6242,223,17,0.6019
7096,223,17,0.7962
9458,223,17,0.6979
11095,223,17,0.1881
11851,223,17,0.1880
13856,223,17,0.8073
14207,223,17,0.3887
14728,223,17,0.3479
14731,223,17,0.1977
4696,226,23,0.2124
7380,226,23,0.6645
8344,226,23,0.7509
9942,226,23,0.8165
11420,226,23,0.3636
14650,226,23,0.7633
3721,227,132,0.7346
4643,227,132,0.6629
7446,227,132,0.7548
7828,227,132,0.7894
9375,227,132,0.5520
9576,227,132,0.3478
10721,227,132,0.2485
11357,227,132,0.7804
12690,227,132,0.7398
2282,228,132,0.7045
3896,228,132,0.2632
7694,228,132,0.7386
7755,228,132,0.8324
8623,228,132,0.7927
10515,228,132,0.7736
11591,228,132,0.8315
14063,228,132,0.7249
15313,228,132,0.7279
15316,228,132,0.8164
4753,223,17,0.5908
5183,223,17,0.6106
5629,223,17,0.4009
11220,223,17,0.5321
13445,223,17,0.2884
13468,223,17,0.6288
14465,223,17,0.2276
14737,223,17,0.7637
14739,223,17,0.8016
14745,223,17,0.8002
5615,226,23,0.7808
8293,226,23,0.7090
9911,226,23,0.7811
13663,226,23,0.4669
1470,227,132,0.7180
2195,227,132,0.4785
4530,227,132,0.6118
6216,227,132,0.5669
8111,227,132,0.7906
8718,227,132,0.8137
9439,227,132,0.8189
11080,227,132,0.5232
15135,227,132,0.7990
15136,227,132,0.8167
1971,228,23,0.3899
3633,228,23,0.4474
3889,228,23,0.5295
4315,228,23,0.7832
4577,228,23,0.8010
5403,228,23,0.6404
6948,228,23,0.7013
7579,228,23,0.3769
10920,228,23,0.4813
14638,228,23,0.6736
56,223,17,0.8113
340,223,17,0.7765
4730,223,17,0.1991
5753,223,17,0.8068
5868,223,17,0.4498
10205,223,17,0.7383
11778,223,17,0.4950
12585,223,17,0.2850
14032,223,17,0.3102
14170,223,17,0.8075
3463,226,23,0.3322
15000,226,23,0.3303
12666,227,23,0.4992
14026,227,23,0.2599
487,228,23,0.2063
4035,228,23,0.4034
8048,228,23,0.2130
8276,228,23,0.1994
9884,228,23,0.6550
11750,228,23,0.5316
12255,228,23,0.8785
12331,228,23,0.6246
12774,228,23,0.8550
15317,228,23,0.6991
1104,223,17,0.8176
3631,223,17,0.5397
5827,223,17,0.1961
12860,223,17,0.2498
12989,223,17,0.3383
13814,223,17,0.3425
14192,223,17,0.4834
14485,223,17,0.4407
14749,223,17,0.5383
14753,223,17,0.1977
704,226,23,0.7321
10981,226,23,0.6997
399,227,23,0.4384
13356,227,23,0.3977
868,228,23,0.9370
1706,228,23,0.5307
5024,228,23,0.7503
7906,228,23,0.9410
8320,228,23,0.9430
9133,228,23,0.9479
10099,228,23,0.8690
12122,228,23,0.8875
14541,228,23,0.9392
15044,228,23,0.9475
1093,223,17,0.2092
2247,223,17,0.7112
3728,223,17,0.7050
4710,223,17,0.6305
4874,223,17,0.2994
5652,223,17,0.2371
8540,223,17,0.7342
10658,223,17,0.4472
13795,223,17,0.3164
14760,223,17,0.8144
5686,226,23,0.4817
6235,226,23,0.6590
12199,226,23,0.7125
12471,226,23,0.8905
12922,226,23,0.2911
15099,226,23,0.8715
10098,227,23,0.4930
15141,227,23,0.7391
2949,228,23,0.9367
4386,228,23,0.9233
4839,228,23,0.7474
5325,228,23,0.9346
5939,228,23,0.9369
6010,228,23,0.7996
6067,228,23,0.9094
7719,228,23,0.8876
12297,228,23,0.9087
13538,228,23,0.9478
4092,223,17,0.6887
4401,223,17,0.8319
6135,223,17,0.0909
8170,223,17,0.0703
8235,223,17,0.3669
10791,223,17,0.8214
10879,223,17,0.9044
14545,223,17,0.1398
14766,223,17,0.9022
14771,223,17,0.4392
569,226,23,0.7663
7314,226,23,0.2891
774,227,23,0.2500
1977,227,23,0.8291
2162,227,23,0.8733
3711,227,23,0.8773
3810,227,23,0.5634
6639,227,23,0.1579
8774,227,23,0.6085
9701,227,23,0.2949
12507,227,23,0.5201
15143,227,23,0.8481
1257,228,23,0.3547
3731,228,23,0.1714
4404,228,23,0.9195
7774,228,23,0.3180
9334,228,23,0.7883
9340,228,23,0.4784
11707,228,23,0.7630
11971,228,23,0.4675
12216,228,23,0.8004
14679,228,23,0.3547
31,223,17,0.6785
397,223,17,0.6301
684,223,17,0.1963
811,223,17,0.1423
1468,223,17,0.5428
2559,223,17,0.8553
5402,223,17,0.1093
7501,223,17,0.5896
8079,223,17,0.1455
14248,223,17,0.6398
1767,226,23,0.2441
4861,226,23,0.7608
6475,226,23,0.7731
10191,226,23,0.2138
14193,226,23,0.6189
2931,227,23,0.5785
3323,227,23,0.8767
4106,227,23,0.0886
6754,227,23,0.1028
6891,227,23,0.3157
8875,227,23,0.7417
11001,227,23,0.3997
12062,227,23,0.7451
12208,227,23,0.2035
15103,227,23,0.5162
3475,228,23,0.5582
4933,228,23,0.7720
6339,228,23,0.7998
8031,228,23,0.6724
8629,228,23,0.6050
13574,228,23,0.4919
13690,228,23,0.6120
14161,228,23,0.7666
15011,228,23,0.7369
15276,228,23,0.7993
1268,223,17,0.7045
1866,223,17,0.8905
3928,223,17,0.9197
6466,223,17,0.0735
6651,223,17,0.9282
9169,223,17,0.8952
9182,223,17,0.1381
9209,223,17,0.1737
14371,223,17,0.3875
14776,223,17,0.8068
469,226,23,0.7055
529,226,23,0.2818
2380,226,23,0.1726
3685,226,23,0.8580
4348,226,23,0.7843
9132,226,23,0.7512
10371,226,23,0.6916
11830,226,23,0.7219
15102,226,23,0.6150
87,227,23,0.5116
1431,227,23,0.4738
4326,227,23,0.6914
12868,227,23,0.8215
14754,227,23,0.7676
15145,227,23,0.8280
905,228,23,0.6345
1737,228,23,0.7943
3941,228,23,0.8013
4895,228,23,0.6566
4971,228,23,0.7939
5185,228,23,0.4764
11388,228,23,0.7905
11477,228,23,0.2160
13860,228,23,0.6253
14518,228,23,0.8039
3059,223,17,0.8901
4190,223,17,0.8712
5914,223,17,0.1142
6299,223,17,0.4160
7044,223,17,0.8093
9363,223,17,0.0885
11168,223,17,0.8697
11936,223,17,0.6638
12182,223,17,0.1368
13744,223,17,0.6427
2137,226,107,0.3720
3510,226,107,0.5637
7860,226,107,0.7888
8338,226,107,0.2212
10918,226,107,0.6320
13234,226,107,0.7904
13443,226,107,0.8140
14836,226,107,0.7653
15110,226,107,0.8125
1672,227,23,0.2472
2477,227,23,0.2509
2613,227,23,0.7104
4826,227,23,0.8432
5438,227,23,0.8135
6997,227,23,0.7737
7802,227,23,0.2363
8218,227,23,0.7899
8867,227,23,0.3634
10171,227,23,0.7171
553,228,23,0.7195
2627,228,23,0.7871
5599,228,23,0.7236
6217,228,23,0.6635
6300,228,23,0.7819
6316,228,23,0.7436
9073,228,23,0.6547
10551,228,23,0.6900
12308,228,23,0.7888
15095,228,23,0.6943
2904,223,17,0.5960
3095,223,17,0.3626
5137,223,17,0.1100
10637,223,17,0.3077
11146,223,17,0.4079
12320,223,17,0.8074
14148,223,17,0.3188
14781,223,17,0.7978
14784,223,17,0.6759
14788,223,17,0.2912
6099,226,43,0.7931
8362,226,43,0.7496
10026,226,43,0.7387
10036,226,43,0.7803
12112,226,43,0.4304
13069,226,43,0.6635
14179,226,43,0.2093
121,227,23,0.5725
2175,227,23,0.5150
2893,227,23,0.2717
4790,227,23,0.6850
5213,227,23,0.4103
7115,227,23,0.7795
8353,227,23,0.6309
8945,227,23,0.7062
10047,227,23,0.2049
14167,227,23,0.7973
658,228,23,0.3466
1490,228,23,0.4617
2421,228,23,0.2425
3366,228,23,0.2649
5617,228,23,0.7948
8713,228,23,0.5536
11410,228,23,0.6859
12043,228,23,0.6059
15053,228,23,0.7467
15321,228,23,0.2869
179,223,17,0.7840
937,223,17,0.2035
3666,223,17,0.7534
5112,223,17,0.7404
6381,223,17,0.7899
8253,223,17,0.1892
8748,223,17,0.6182
11757,223,17,0.3340
14791,223,17,0.3611
14793,223,17,0.3232
7785,226,43,0.5774
7875,226,43,0.7962
3257,227,23,0.2610
6205,227,23,0.4697
6263,227,23,0.5477
8019,227,23,0.2096
10569,227,23,0.3239
11276,227,23,0.5263
13080,227,23,0.5482
13256,227,23,0.1466
14048,227,23,0.7447
14961,227,23,0.2162
4107,228,107,0.5833
4770,228,107,0.2575
6548,228,107,0.2468
8306,228,107,0.5020
9313,228,107,0.2343
10524,228,107,0.7019
11156,228,107,0.2975
12184,228,107,0.4006
15326,228,107,0.7771
15327,228,107,0.1851
2355,223,17,0.3097
11426,223,17,0.2983
1269,226,43,0.6390
3200,226,43,0.8715
6449,226,43,0.8398
10283,226,43,0.7608
12737,226,43,0.2979
12947,226,43,0.8427
13568,226,43,0.7562
13979,226,43,0.2660
13989,226,43,0.8060
14264,226,43,0.7755
1039,227,23,0.3604
1457,227,23,0.7965
2566,227,23,0.9097
5582,227,23,0.9266
7645,227,23,0.9321
9555,227,23,0.4964
10580,227,23,0.9274
12340,227,23,0.9443
12397,227,23,0.6875
14398,227,23,0.7056
2772,228,107,0.8220
3589,228,107,0.4888
3931,228,107,0.3587
9044,228,107,0.8030
9129,228,107,0.7994
10316,228,107,0.8121
13340,228,107,0.5915
13941,228,107,0.7995
14876,228,107,0.8052
15329,228,107,0.8188
3691,223,17,0.6840
4047,223,17,0.7045
5999,223,17,0.5725
9120,223,17,0.3356
9301,223,17,0.7766
10119,223,17,0.1988
11820,223,17,0.2148
12830,223,17,0.6999
13197,223,17,0.2581
14572,223,17,0.2189
1340,226,17,0.5624
1643,226,17,0.7083
2053,226,17,0.6047
3060,226,17,0.0873
7241,226,17,0.9386
10323,226,17,0.4376
11135,226,17,0.8979
1167,227,23,0.8648
1644,227,23,0.8891
4803,227,23,0.9493
5023,227,23,0.7105
5775,227,23,0.7990
6491,227,23,0.8524
7191,227,23,0.7955
9403,227,23,0.7858
14458,227,23,0.9449
14573,227,23,0.7420
2373,228,107,0.4253
3356,228,107,0.3651
6199,228,107,0.5622
10180,228,107,0.5521
10350,228,107,0.7847
11654,228,107,0.8115
14285,228,107,0.8202
14382,228,107,0.8197
14837,228,107,0.7852
1136,223,17,0.7142
1994,223,17,0.6440
4529,223,17,0.1661
6679,223,17,0.7025
7986,223,17,0.2547
11481,223,17,0.1927
12111,223,17,0.6746
13173,223,17,0.6513
14346,223,17,0.7493
14798,223,17,0.2649
5811,226,17,0.7337
12627,226,17,0.5683
1213,227,23,0.9411
2066,227,23,0.6860
2918,227,23,0.7158
4242,227,23,0.7950
6136,227,23,0.9453
8225,227,23,0.9446
9845,227,23,0.8567
10089,227,23,0.8689
14305,227,23,0.7657
15149,227,23,0.8386
206,228,43,0.7457
2969,228,43,0.7932
3496,228,43,0.3434
4761,228,43,0.1936
6285,228,43,0.7628
8174,228,43,0.6149
10499,228,43,0.8086
11081,228,43,0.5465
11399,228,43,0.6535
13623,228,43,0.7974
254,223,17,0.7166
1498,223,17,0.1701
1985,223,17,0.3813
4068,223,17,0.1244
8794,223,17,0.6415
10604,223,17,0.4257
11808,223,17,0.0945
11870,223,17,0.5239
14311,223,17,0.9117
14802,223,17,0.8372
109,226,17,0.3317
192,226,17,0.9073
9250,226,17,0.9277
11000,226,17,0.8468
12307,226,17,0.8151
12958,226,17,0.3785
13355,226,17,0.8964
1220,227,23,0.0541
1326,227,23,0.0853
1798,227,23,0.8554
1868,227,23,0.9019
3336,227,23,0.6769
5519,227,23,0.6586
8297,227,23,0.6239
10550,227,23,0.1152
10861,227,23,0.7321
15156,227,23,0.6270
3009,228,43,0.5468
3849,228,43,0.3802
4552,228,43,0.7426
5378,228,43,0.1964
5983,228,43,0.4497
6370,228,43,0.6967
9609,228,43,0.4398
13815,228,43,0.6444
14184,228,43,0.7846
15331,228,43,0.2051
582,223,17,0.4735
2824,223,17,0.8087
5580,223,17,0.9132
6860,223,17,0.6822
9822,223,17,0.7173
10196,223,17,0.9314
10549,223,17,0.8906
11475,223,17,0.8259
11488,223,17,0.9381
14566,223,17,0.6328
3641,226,17,0.5098
9450,226,17,0.7491
353,227,107,0.6815
2413,227,107,0.5193
7366,227,107,0.5362
8395,227,107,0.8112
12810,227,107,0.5309
15163,227,107,0.8028
15165,227,107,0.8039
15166,227,107,0.7461
15168,227,107,0.8055
147,228,43,0.5172
5797,228,43,0.4478
6252,228,43,0.2926
8478,228,43,0.7838
8663,228,43,0.7883
9495,228,43,0.7161
10956,228,43,0.6523
12628,228,43,0.5752
13110,228,43,0.5029
15146,228,43,0.8747
867,223,17,0.0812
3556,223,17,0.2597
6429,223,17,0.0834
6869,223,17,0.3480
8835,223,17,0.8488
10929,223,17,0.5008
12558,223,17,0.8489
13179,223,17,0.7303
13630,223,17,0.3067
14805,223,17,0.5232
398,226,17,0.2892
1325,226,17,0.1819
3483,226,17,0.8891
7801,226,17,0.7804
11525,226,17,0.7688
11554,226,17,0.6925
11561,226,17,0.6141
13138,226,17,0.8002
15117,226,17,0.1924
518,227,43,0.3472
2383,227,43,0.6099
5268,227,43,0.6822
5925,227,43,0.2679
11626,227,43,0.5239
15171,227,43,0.6024
6,228,17,0.9121
5439,228,17,0.8514
6137,228,17,0.9201
6451,228,17,0.9305
6852,228,17,0.6887
8198,228,17,0.7792
9771,228,17,0.8424
10581,228,17,0.0767
14537,228,17,0.9098
15206,228,17,0.8173
1694,223,17,0.2188
1821,223,17,0.4481
4122,223,17,0.2079
5741,223,17,0.5195
5766,223,17,0.5839
6021,223,17,0.1974
7554,223,17,0.3561
9626,223,17,0.3238
9883,223,17,0.4394
11459,223,17,0.7150
2122,226,17,0.6844
2468,226,17,0.8051
564,227,43,0.5798
14875,227,43,0.7698
383,228,17,0.9271
5500,228,17,0.8879
7209,228,17,0.6412
7709,228,17,0.8502
10772,228,17,0.8965
11369,228,17,0.7550
12322,228,17,0.8076
14907,228,17,0.7725
15334,228,17,0.8105
239,223,17,0.2190
2106,223,17,0.6554
3446,223,17,0.5263
3745,223,17,0.7775
5887,223,17,0.5559
5906,223,17,0.2694
5948,223,17,0.2658
7023,223,17,0.4614
7545,223,17,0.3047
14809,223,17,0.7646
1231,226,17,0.7479
3447,226,17,0.5098
13412,226,17,0.7622
32,227,43,0.7649
7496,227,43,0.6660
10514,227,43,0.8663
13164,227,43,0.4505
13206,227,43,0.8979
15172,227,43,0.7300
577,228,93,0.6763
998,228,93,0.5330
1232,228,93,0.8040
2788,228,93,0.4237
8364,228,93,0.7135
9660,228,93,0.7686
15144,228,93,0.4662
15199,228,93,0.7381
15340,228,93,0.7670
15342,228,93,0.2618
1456,223,17,0.6815
2181,223,17,0.4973
2672,223,17,0.7846
2829,223,17,0.0948
4447,223,17,0.5367
5464,223,17,0.8625
6741,223,17,0.8146
8007,223,17,0.2256
9487,223,17,0.9331
9494,223,17,0.3772
8505,226,17,0.7487
15119,226,17,0.7114
7668,227,43,0.4004
7731,227,43,0.6667
8387,227,43,0.6441
10334,227,43,0.8689
14055,227,43,0.7530
14189,227,43,0.3710
14378,227,43,0.7743
14906,227,43,0.4847
310,228,93,0.8021
2598,228,93,0.2026
3238,228,93,0.2218
5220,228,93,0.8020
7242,228,93,0.8245
9413,228,93,0.4757
11602,228,93,0.9023
14627,228,93,0.9367
14936,228,93,0.8459
15344,228,93,0.0572
144,223,17,0.0924
1488,223,17,0.9230
2121,223,17,0.6669
3067,223,17,0.2363
5205,223,17,0.1723
5267,223,17,0.3674
10378,223,17,0.7550
11560,223,17,0.2344
11721,223,17,0.4980
14813,223,17,0.3169
1363,226,17,0.5569
4353,226,17,0.2389
4366,226,17,0.8510
6023,226,17,0.7488
6481,226,17,0.7388
8761,226,17,0.8540
12242,226,17,0.8808
12254,226,17,0.6883
15121,226,17,0.7723
7651,227,43,0.7547
13037,227,43,0.6929
13698,227,43,0.8056
15174,227,43,0.8028
766,228,93,0.0869
5371,228,93,0.8112
6206,228,93,0.9318
7890,228,93,0.5623
8396,228,93,0.6173
8542,228,93,0.8591
8648,228,93,0.9427
9057,228,93,0.6575
9411,228,93,0.9227
9756,228,93,0.7142
1026,223,17,0.6917
3126,223,17,0.7666
6162,223,17,0.7258
7402,223,17,0.8767
8054,223,17,0.3754
8137,223,17,0.2768
11447,223,17,0.7185
12804,223,17,0.6320
13418,223,17,0.7310
14818,223,17,0.8585
321,226,93,0.4658
352,226,93,0.4903
7589,226,93,0.5729
9184,226,93,0.5583
12912,226,93,0.8020
13079,226,93,0.7704
14874,226,93,0.7867
15126,226,93,0.8023
15128,226,93,0.7301
2519,227,43,0.4565
4862,227,43,0.7733
10533,227,43,0.7520
11706,227,43,0.8595
15175,227,43,0.7736
15179,227,43,0.1905
900,228,93,0.9404
1068,228,93,0.9488
1645,228,93,0.8278
5623,228,93,0.6587
6357,228,93,0.9342
6681,228,93,0.8453
8946,228,93,0.9160
13960,228,93,0.6470
14806,228,93,0.8706
3809,223,93,0.6580
4652,223,93,0.8395
7644,223,93,0.7296
7867,223,93,0.2967
12028,223,93,0.5444
14089,223,93,0.8051
14826,223,93,0.8211
14829,223,93,0.3883
14835,223,93,0.2974
14839,223,93,0.8021
1066,226,107,0.1678
1148,227,43,0.4376
1687,227,43,0.2215
3495,227,43,0.6440
3681,227,43,0.0986
7542,227,43,0.6093
8622,227,43,0.7477
9043,227,43,0.7886
13930,227,43,0.2629
14339,227,43,0.5278
15181,227,43,0.2349
4362,228,132,0.7376
7679,228,132,0.7448
8719,228,132,0.8122
9929,228,132,0.3644
11831,228,132,0.7158
12063,228,132,0.5461
12411,228,132,0.8060
13991,228,132,0.8177
14886,228,132,0.8089
14921,228,132,0.2530
2256,223,93,0.7037
5396,223,93,0.8867
5945,223,93,0.8963
9061,223,93,0.4184
9761,223,93,0.6304
11752,223,93,0.6749
13298,223,93,0.8245
13891,223,93,0.6140
14845,223,93,0.7531
14847,223,93,0.5511
256,227,43,0.7040
887,227,43,0.2926
1859,227,43,0.2075
3186,227,43,0.4566
3706,227,43,0.4915
6057,227,43,0.8773
8689,227,43,0.7401
12876,227,43,0.7623
13935,227,43,0.6925
15184,227,43,0.2363
1154,228,132,0.3582
2306,228,132,0.7235
4885,228,132,0.4933
4908,228,132,0.8564
11499,228,132,0.5997
11798,228,132,0.6310
11825,228,132,0.7480
11938,228,132,0.2858
14593,228,132,0.8717
15350,228,132,0.6575
1279,229,132,0.7037
10010,229,132,0.8312
10197,229,132,0.1166
10558,229,132,0.7002
12508,229,132,0.3580
13987,229,132,0.7753
14208,229,132,0.8359
15169,229,132,0.5552
15332,229,132,0.3317
15353,229,132,0.4173
2754,223,93,0.8397
7911,223,93,0.5570
8337,223,93,0.3756
8528,223,93,0.5748
10137,223,93,0.6530
12435,223,93,0.7407
13750,223,93,0.6720
13843,223,93,0.7560
14849,223,93,0.7687
14852,223,93,0.8181
3930,227,43,0.7481
7624,227,43,0.2217
7936,227,43,0.6602
12029,227,43,0.2517
12798,227,43,0.7678
13518,227,43,0.7866
14253,227,43,0.2022
14381,227,43,0.1840
15186,227,43,0.6257
15188,227,43,0.7976
639,228,132,0.8730
1699,228,132,0.8607
2810,228,132,0.8775
3739,228,132,0.8938
4698,228,132,0.8678
7609,228,132,0.8645
7738,228,132,0.7541
11318,228,132,0.7144
14662,228,132,0.8022
15352,228,132,0.7793
792,229,132,0.5593
2107,229,132,0.1240
2898,229,132,0.7442
5081,229,132,0.3758
1334,223,93,0.8405
1381,223,93,0.4622
3322,223,93,0.0929
5598,223,93,0.9155
8470,223,93,0.0795
8851,223,93,0.9167
9267,223,93,0.4722
11125,223,93,0.3952
14855,223,93,0.4105
14860,223,93,0.6455
2607,227,43,0.8162
2787,227,43,0.7765
3280,227,43,0.6867
3697,227,43,0.5652
4782,227,43,0.0689
7618,227,43,0.4010
8919,227,43,0.5083
9540,227,43,0.9064
15193,227,43,0.9430
15197,227,43,0.6647
2723,229,132,0.3298
5046,229,132,0.1855
3357,230,132,0.7855
3898,230,132,0.4217
6219,230,132,0.8674
6653,230,132,0.9058
7255,230,132,0.9074
7695,230,132,0.8740
9899,230,132,0.8326
12787,230,132,0.3828
13091,230,132,0.7638
15385,230,132,0.7940
1206,223,93,0.7047
2312,223,93,0.2155
5174,223,93,0.6683
6583,223,93,0.7335
7729,223,93,0.7998
7772,223,93,0.3071
11748,223,93,0.2756
13186,223,93,0.7776
13869,223,93,0.2618
14866,223,93,0.8145
863,227,43,0.9348
2156,227,43,0.9222
7716,227,43,0.7951
10065,227,43,0.5956
11334,227,43,0.8045
11344,227,43,0.9325
12410,227,43,0.7442
12427,227,43,0.6480
13985,227,43,0.7160
15198,227,43,0.8486
4821,229,132,0.6431
10317,229,132,0.7460
12806,229,132,0.3686
15358,229,132,0.6692
1843,230,23,0.5993
10825,230,23,0.2501
13469,230,23,0.8207
3816,223,93,0.6883
6338,223,93,0.7373
8513,223,93,0.7901
8722,223,93,0.8100
8909,223,93,0.5227
9754,223,93,0.8113
11242,223,93,0.5819
11660,223,93,0.8093
14868,223,93,0.4266
14871,223,93,0.8096
1877,227,43,0.1934
2746,227,43,0.0785
3138,227,43,0.4824
4448,227,43,0.7507
7286,227,43,0.1092
11311,227,43,0.5443
13007,227,43,0.7872
13139,227,43,0.7896
13281,227,43,0.3134
14279,227,43,0.7434
3215,229,132,0.7580
7055,229,132,0.8751
7669,229,132,0.5563
9846,229,132,0.3745
12309,229,132,0.3913
12323,229,132,0.7868
14269,229,132,0.2282
14680,229,132,0.7978
14899,229,132,0.6554
15042,229,132,0.7052
7452,230,23,0.6949
13707,230,23,0.5507
14214,230,23,0.8891
15096,230,23,0.9182
2232,227,43,0.7183
2960,227,43,0.9239
8088,227,43,0.5849
12389,227,43,0.9031
13010,227,43,0.4466
14062,227,43,0.4960
14284,227,43,0.4724
14856,227,43,0.5188
15111,227,43,0.6940
15200,227,43,0.7154
1095,229,132,0.6523
4078,229,132,0.2393
7775,229,132,0.3488
10266,229,132,0.7902
15182,229,132,0.8018
565,230,23,0.4722
2275,230,23,0.7919
4279,230,23,0.7914
6549,230,23,0.8897
7117,230,23,0.2804
13539,230,23,0.9120
2422,231,132,0.5284
3707,231,132,0.4781
4644,231,132,0.8280
9007,231,132,0.6749
10335,231,132,0.8657
10597,231,132,0.6609
12444,231,132,0.2448
13243,231,132,0.8069
14416,231,132,0.7088
14940,231,132,0.8047
1823,227,43,0.8774
3511,227,43,0.0662
5721,227,43,0.0718
6467,227,43,0.9230
7876,227,43,0.3114
8550,227,43,0.4609
13453,227,43,0.6648
14097,227,43,0.7033
15078,227,43,0.7769
15202,227,43,0.4138
322,229,132,0.4745
757,229,132,0.7795
3897,229,132,0.2745
5186,229,132,0.8293
8447,229,132,0.6744
8947,229,132,0.8032
10504,229,132,0.9038
12157,229,132,0.8636
13081,229,132,0.4457
13811,229,132,0.5130
4804,230,23,0.7029
6585,230,23,0.5440
6663,230,23,0.7426
9885,230,23,0.6314
11064,230,23,0.7895
12474,230,23,0.5578
427,231,132,0.2419
3740,231,132,0.7110
4771,231,132,0.7356
5985,231,132,0.8222
6286,231,132,0.2447
6654,231,132,0.7661
8529,231,132,0.7981
9900,231,132,0.7185
12378,231,132,0.6674
13455,231,132,0.7013
1850,227,43,0.5215
4049,227,43,0.8948
5247,227,43,0.3732
9115,227,43,0.6905
10129,227,43,0.6733
12605,227,43,0.8850
12827,227,43,0.5290
13419,227,43,0.7193
13756,227,43,0.3138
13796,227,43,0.6945
12526,229,23,0.3840
12564,229,23,0.8768
13029,229,23,0.6018
11198,230,23,0.6686
14767,230,23,0.8379
15268,230,23,0.1105
1291,231,132,0.8268
2283,231,132,0.7463
2961,231,132,0.7681
4349,231,132,0.6071
7162,231,132,0.7273
10805,231,132,0.7973
13361,231,132,0.8066
14900,231,132,0.7892
15463,231,132,0.7808
15465,231,132,0.7220
701,227,17,0.8270
4070,227,17,0.9136
4255,227,17,0.6142
5252,227,17,0.9073
7324,227,17,0.8868
8319,227,17,0.9225
8582,227,17,0.9064
9602,227,17,0.9202
11017,227,17,0.5564
15067,227,17,0.9196
1741,229,23,0.3365
6025,229,23,0.6168
479,230,23,0.6113
613,230,23,0.7997
1978,230,23,0.2044
3004,230,23,0.6487
5984,230,23,0.6856
6359,230,23,0.5667
8630,230,23,0.5662
13402,230,23,0.7791
13837,230,23,0.7794
530,231,23,0.7624
1844,231,23,0.6843
2196,231,23,0.9277
4433,231,23,0.9290
6382,231,23,0.3546
10233,231,23,0.9040
11490,231,23,0.9399
13122,231,23,0.7616
14180,231,23,0.5500
14657,231,23,0.8970
985,227,17,0.9239
5894,227,17,0.0973
13745,227,17,0.7039
14238,227,17,0.6138
705,229,23,0.8511
4222,229,23,0.8705
4909,229,23,0.9312
6358,229,23,0.9291
8775,229,23,0.8048
10773,229,23,0.9391
11728,229,23,0.9458
12267,229,23,0.9255
13326,229,23,0.9335
15360,229,23,0.8702
4079,230,107,0.4513
6416,230,107,0.4697
7861,230,107,0.7845
8401,230,107,0.8028
9635,230,107,0.4578
11789,230,107,0.7981
12530,230,107,0.8115
12733,230,107,0.8185
14893,230,107,0.8184
101,231,23,0.8275
1069,231,23,0.9335
3046,231,23,0.5912
6403,231,23,0.7266
8839,231,23,0.9280
11136,231,23,0.8234
11325,231,23,0.6979
14585,231,23,0.8262
14782,231,23,0.4973
14947,231,23,0.5442
426,227,17,0.3029
14226,227,17,0.3609
303,229,23,0.8434
3166,229,23,0.7796
4010,229,23,0.2851
6543,229,23,0.7745
8739,229,23,0.7312
9376,229,23,0.1928
13321,229,23,0.7976
2013,230,43,0.1922
3155,230,43,0.7813
4720,230,43,0.3693
15447,230,43,0.8019
123,231,23,0.8852
5476,231,23,0.9332
5508,231,23,0.4949
5929,231,23,0.9216
7131,231,23,0.7757
9636,231,23,0.9311
9935,231,23,0.8856
10011,231,23,0.9447
10701,231,23,0.9107
12543,231,23,0.9483
1570,227,17,0.2712
4259,227,17,0.7430
4760,227,17,0.6014
6562,227,17,0.7816
10278,227,17,0.7864
10614,227,17,0.2506
11285,227,17,0.2028
11519,227,17,0.2046
12190,227,17,0.7975
13320,227,17,0.7951
12243,229,23,0.6932
14056,229,23,0.2682
14142,229,23,0.4055
9520,230,43,0.2397
15176,230,43,0.7801
15449,230,43,0.6106
15451,230,43,0.7888
216,231,23,0.9376
1300,231,23,0.8854
2395,231,23,0.9048
2932,231,23,0.1068
5187,231,23,0.9498
6175,231,23,0.9410
7025,231,23,0.9035
11370,231,23,0.7727
13723,231,23,0.9323
13816,231,23,0.9312
2869,227,17,0.4206
11979,227,17,0.7818
669,229,23,0.6767
802,229,23,0.7209
12185,230,43,0.3858
918,231,23,0.8087
999,231,23,0.8664
1571,231,23,0.9347
1808,231,23,0.8577
2747,231,23,0.9373
7964,231,23,0.9306
8543,231,23,0.7630
9393,231,23,0.1404
10481,231,23,0.9436
13797,231,23,0.8674
1783,227,17,0.7401
10908,227,17,0.2843
4176,229,23,0.5920
4441,229,23,0.6969
12799,229,23,0.2367
2307,230,43,0.7362
4622,230,43,0.2336
10559,230,43,0.7638
10892,230,43,0.6633
11128,230,43,0.7531
11546,230,43,0.7949
14742,230,43,0.2122
1221,231,23,0.9383
1310,231,23,0.9201
3682,231,23,0.9381
4355,231,23,0.9194
4980,231,23,0.1915
5139,231,23,0.9406
11206,231,23,0.7891
12079,231,23,0.6036
14725,231,23,0.8890
15246,231,23,0.9198
576,227,43,0.3117
3497,229,23,0.2635
14287,229,23,0.8262
7090,230,43,0.7341
8479,230,43,0.7937
9204,230,43,0.6339
10373,230,43,0.7472
10679,230,43,0.6845
12128,230,43,0.7229
12144,230,43,0.2454
14250,230,43,0.4295
508,231,23,0.4092
2043,231,23,0.8124
5088,231,23,0.7757
5197,231,23,0.6576
7534,231,23,0.3990
10606,231,23,0.6304
11887,231,23,0.2797
12675,231,23,0.5076
13850,231,23,0.5132
15345,231,23,0.9074
2497,227,17,0.1987
13836,227,17,0.4238
432,229,23,0.6438
873,229,23,0.4836
3400,229,23,0.7710
5672,229,23,0.7961
7710,229,23,0.4794
8560,229,23,0.2871
10324,229,23,0.7885
11033,229,23,0.7029
11068,229,23,0.5913
13387,229,23,0.8665
122,230,43,0.6135
2189,230,43,0.7468
2567,230,43,0.6313
5262,230,43,0.4860
8603,230,43,0.7420
9228,230,43,0.7887
11548,230,43,0.7989
13485,230,43,0.1790
14315,230,43,0.1854
14547,230,43,0.5163
735,231,23,0.8158
857,231,23,0.8626
1149,231,23,0.9071
1196,231,23,0.8474
2404,231,23,0.9436
4589,231,23,0.9105
5631,231,23,0.9390
6959,231,23,0.9419
10516,231,23,0.9404
12553,231,23,0.9389
917,227,17,0.6882
6547,227,17,0.8885
7254,227,17,0.8860
10755,227,17,0.8907
15094,227,17,0.0837
15219,229,23,0.7342
6803,230,17,0.2492
8789,230,17,0.8037
12838,230,17,0.8120
1813,231,23,0.2069
2801,231,23,0.3516
3147,231,23,0.5519
6517,231,23,0.3204
8868,231,23,0.7021
9354,231,23,0.5791
10802,231,23,0.2698
10850,231,23,0.1420
13580,231,23,0.8874
13674,231,23,0.7658
9502,227,17,0.7237
12845,227,17,0.6352
148,229,23,0.8379
745,229,23,0.8797
974,229,23,0.3507
3980,229,23,0.8485
5958,229,23,0.5460
11877,229,23,0.2801
14529,229,23,0.9116
8929,230,17,0.3330
11622,230,17,0.2730
14962,230,17,0.2650
331,231,107,0.7371
3557,231,107,0.2663
5207,231,107,0.5905
6432,231,107,0.7052
13231,231,107,0.8015
14481,231,107,0.7655
15273,231,107,0.7933
15466,231,107,0.8135
15467,231,107,0.8150
15468,231,107,0.8102
6771,227,17,0.6081
6975,227,17,0.5312
9293,227,17,0.6710
10083,227,17,0.2895
10265,227,17,0.7930
11232,227,17,0.7465
12888,227,17,0.8087
13424,227,17,0.8030
13729,227,17,0.3006
15203,227,17,0.8353
354,229,23,0.8396
1553,229,23,0.4155
2357,229,23,0.8786
4879,229,23,0.6431
6218,229,23,0.9022
6415,229,23,0.8523
7059,229,23,0.5201
10286,229,23,0.8641
15157,229,23,0.6725
15240,229,23,0.4107
7104,230,17,0.7900
7899,230,17,0.6276
10871,230,17,0.8260
12172,230,17,0.0999
14014,230,17,0.8935
14761,230,17,0.8079
1439,231,107,0.4621
4958,231,107,0.6015
11005,231,107,0.7904
11839,231,107,0.7199
12953,231,107,0.7305
13504,231,107,0.7706
14262,231,107,0.7876
14853,231,107,0.7652
14923,231,107,0.5790
15470,231,107,0.7745
4543,227,17,0.2191
12127,227,17,0.3972
2123,229,23,0.5901
10700,229,23,0.7508
13864,229,23,0.6708
585,230,17,0.3440
8854,230,17,0.2011
10717,230,17,0.6703
12370,230,17,0.2508
15322,230,17,0.7898
15452,230,17,0.4387
3811,231,43,0.2232
7167,231,43,0.8140
7792,231,43,0.9124
8286,231,43,0.9190
10764,231,43,0.8909
11766,231,43,0.2065
11813,231,43,0.8968
12436,231,43,0.7701
15343,231,43,0.5676
15472,231,43,0.4484
1256,227,17,0.5942
1278,227,17,0.8410
4957,227,17,0.9006
6174,227,17,0.9054
6693,227,17,0.9276
6881,227,17,0.9261
7917,227,17,0.9057
10771,227,17,0.9339
11301,227,17,0.5965
12559,227,17,0.9097
782,229,23,0.3732
1290,229,23,0.4528
1545,229,23,0.7179
2042,229,23,0.3874
5525,229,23,0.6773
6853,229,23,0.7736
9203,229,23,0.7632
9919,229,23,0.7880
13458,229,23,0.7048
15364,229,23,0.7849
2217,230,17,0.8192
7071,230,17,0.7871
15454,230,17,0.4291
1622,231,43,0.9165
3250,231,43,0.9339
5450,231,43,0.9318
6142,231,43,0.9262
6417,231,43,0.9204
7521,231,43,0.4782
8506,231,43,0.3935
9276,231,43,0.8715
9812,231,43,0.6476
13413,231,43,0.7552
5982,227,17,0.1305
12586,227,17,0.3140
13616,227,17,0.8099
384,229,23,0.6489
1584,229,23,0.7346
3324,229,23,0.3918
3880,229,23,0.4837
3890,229,23,0.6109
7603,229,23,0.7994
11305,229,23,0.8019
14645,229,23,0.4701
14651,229,23,0.5157
15367,229,23,0.3072
17,230,17,0.5315
2925,230,17,0.7862
3464,230,17,0.3305
3920,230,17,0.7240
12501,230,17,0.7768
110,231,43,0.8774
2789,231,43,0.1573
3767,231,43,0.8691
5415,231,43,0.9119
7662,231,43,0.2773
7823,231,43,0.8852
9772,231,43,0.9034
14872,231,43,0.5279
15177,231,43,0.6106
15412,231,43,0.6806
765,227,17,0.7279
2573,227,17,0.3465
2755,227,17,0.2587
6504,227,17,0.7873
11489,227,17,0.0809
12457,227,17,0.4727
12535,227,17,0.8751
13953,227,17,0.9262
15018,227,17,0.8057
15205,227,17,0.1768
686,229,23,0.6310
1596,229,23,0.8023
3932,229,23,0.4002
7385,229,23,0.7903
9047,229,23,0.7121
9479,229,23,0.8044
10407,229,23,0.7173
10936,229,23,0.7975
11980,229,23,0.8090
15370,229,23,0.8066
9696,230,17,0.7181
12960,230,17,0.7784
889,231,43,0.4190
5248,231,43,0.5343
5501,231,43,0.1777
7776,231,43,0.6108
8298,231,43,0.3232
9738,231,43,0.8120
10027,231,43,0.6202
13263,231,43,0.4735
14325,231,43,0.7983
15005,231,43,0.2307
1668,227,17,0.4808
1729,227,17,0.5777
3786,227,17,0.2710
4731,227,17,0.7254
6100,227,17,0.8274
8566,227,17,0.4722
9088,227,17,0.1042
11170,227,17,0.1228
11197,227,17,0.1779
14696,227,17,0.7674
1238,229,23,0.4850
3020,229,23,0.2116
3512,229,23,0.5646
10763,229,23,0.2579
12549,229,23,0.5073
13624,229,23,0.7634
13642,229,23,0.3065
15104,229,23,0.5521
15272,229,23,0.7863
15375,229,23,0.6868
1408,230,17,0.7632
4412,230,17,0.6219
8609,230,17,0.7398
9680,230,17,0.7481
11236,230,17,0.2069
13479,230,17,0.7456
3032,231,43,0.6907
3732,231,43,0.7403
4559,231,43,0.3172
6244,231,43,0.4257
7891,231,43,0.8057
10100,231,43,0.6463
10957,231,43,0.7568
12103,231,43,0.8101
14720,231,43,0.7990
15306,231,43,0.2192
1995,227,17,0.7304
5819,227,17,0.1906
5844,227,17,0.6338
6228,227,17,0.5331
6509,227,17,0.4074
11126,227,17,0.8002
11452,227,17,0.8148
13733,227,17,0.6070
14555,227,17,0.7565
14741,227,17,0.8047
2216,229,107,0.7812
3573,229,107,0.4299
5534,229,107,0.8900
6482,229,107,0.9248
8780,229,107,0.5152
9930,229,107,0.9114
11586,229,107,0.5259
13085,229,107,0.8342
13597,229,107,0.5130
15382,229,107,0.4705
2384,230,17,0.7076
3134,230,17,0.7906
304,231,17,0.6169
2852,231,17,0.7507
3239,231,17,0.8025
5019,231,17,0.7831
5812,231,17,0.8042
10731,231,17,0.8057
11096,231,17,0.8173
11708,231,17,0.6406
12948,231,17,0.5471
15476,231,17,0.7942
83,227,17,0.8136
146,227,17,0.5392
3287,227,17,0.8027
3407,227,17,0.7910
4094,227,17,0.1905
4558,227,17,0.7823
6402,227,17,0.7670
12054,227,17,0.1887
14619,227,17,0.8207
15209,227,17,0.7686
400,229,107,0.2816
438,229,107,0.9002
3003,229,107,0.3180
8004,229,107,0.7125
8442,229,107,0.6876
9275,229,107,0.7935
10076,229,107,0.4690
12990,229,107,0.2331
13454,229,107,0.7953
15384,229,107,0.7846
7063,230,17,0.7119
12658,230,17,0.3536
706,231,17,0.4395
3712,231,17,0.3692
4712,231,17,0.5215
4805,231,17,0.6931
5253,231,17,0.7655
6188,231,17,0.8192
10380,231,17,0.7790
11043,231,17,0.3749
13388,231,17,0.8593
14777,231,17,0.8319
1746,227,17,0.8061
3002,227,17,0.4352
3104,227,17,0.1968
7480,227,17,0.3486
8809,227,17,0.3111
10272,227,17,0.7714
11029,227,17,0.7360
13274,227,17,0.8356
14408,227,17,0.2134
14814,227,17,0.2990
4886,229,107,0.7562
7461,229,107,0.7343
7984,229,107,0.8162
8433,229,107,0.4842
12439,229,107,0.8038
12516,229,107,0.8212
13217,229,107,0.8139
13954,229,107,0.5437
15386,229,107,0.8126
15388,229,107,0.8024
4934,230,17,0.2825
5697,230,17,0.7569
7192,230,17,0.7755
15194,230,17,0.3266
15459,230,17,0.2201
1585,231,17,0.8400
5727,231,17,0.7965
6309,231,17,0.9429
7243,231,17,0.9443
7604,231,17,0.6644
8649,231,17,0.0746
9950,231,17,0.9183
15090,231,17,0.9198
15259,231,17,0.9009
15455,231,17,0.7619
5184,227,17,0.8078
5514,227,17,0.2864
5608,227,17,0.4132
6157,227,17,0.2890
6901,227,17,0.8767
8008,227,17,0.3545
9244,227,17,0.9161
9262,227,17,0.9231
11476,227,17,0.8425
13551,227,17,0.6923
2094,229,107,0.8161
2970,229,107,0.8196
3201,229,107,0.6506
4191,229,107,0.8505
6605,229,107,0.8190
7868,229,107,0.7195
9290,229,107,0.7949
13942,229,107,0.6920
14435,229,107,0.6858
15389,229,107,0.7675
2067,230,17,0.7514
9220,230,17,0.6152
73,231,17,0.7655
1504,231,17,0.9298
2427,231,17,0.9364
4680,231,17,0.9370
9341,231,17,0.9334
11930,231,17,0.8493
12311,231,17,0.8871
13575,231,17,0.9484
13731,231,17,0.7378
15020,231,17,0.8927
3045,227,17,0.5280
3128,227,17,0.5637
5363,227,17,0.3559
5834,227,17,0.1490
8816,227,17,0.6708
9667,227,17,0.6738
10140,227,17,0.3612
10397,227,17,0.8029
12901,227,17,0.7808
15213,227,17,0.8168
33,229,107,0.7645
161,229,107,0.7433
2148,229,107,0.7576
4050,229,107,0.8493
7766,229,107,0.2038
10079,229,107,0.7955
10592,229,107,0.3397
13525,229,107,0.4731
14878,229,107,0.4638
15027,229,107,0.3771
3967,230,17,0.6856
5047,230,17,0.1664
10995,230,17,0.3234
11324,230,17,0.2966
874,231,17,0.8651
3498,231,17,0.9123
4152,231,17,0.9224
5380,231,17,0.6559
9424,231,17,0.2263
10945,231,17,0.6675
13398,231,17,0.8833
14334,231,17,0.4985
14963,231,17,0.3262
14985,231,17,0.8681
840,227,17,0.3074
1111,227,17,0.8135
1188,227,17,0.7522
7039,227,17,0.2919
7103,227,17,0.6302
11530,227,17,0.8064
501,229,107,0.5211
4783,229,107,0.8243
5974,229,107,0.6803
7661,229,107,0.7671
9108,229,107,0.2961
9470,229,107,0.6734
12712,229,107,0.3691
13019,229,107,0.7406
15391,229,107,0.8031
15394,229,107,0.7982
2167,230,17,0.3189
4367,230,17,0.9005
5798,230,17,0.9063
6682,230,17,0.8659
7918,230,17,0.9309
10257,230,17,0.4948
12136,230,17,0.8054
14436,230,17,0.8171
14509,230,17,0.8670
15371,230,17,0.1181
61,231,17,0.8833
1058,231,17,0.7035
3337,231,17,0.7185
8572,231,17,0.6888
11180,231,17,0.8134
12879,231,17,0.7774
13131,231,17,0.7960
14474,231,17,0.7331
15229,231,17,0.6351
15479,231,17,0.7877
781,227,17,0.6256
2202,227,17,0.7474
6414,227,17,0.6822
9031,227,17,0.8038
10780,227,17,0.5062
10815,227,17,0.7280
14623,227,17,0.8147
14719,227,17,0.7543
2727,229,107,0.7254
3175,229,107,0.5539
6816,229,107,0.5997
8920,229,107,0.8083
9002,229,107,0.8008
9898,229,107,0.3985
10048,229,107,0.8006
10492,229,107,0.6103
14546,229,107,0.5841
14896,229,107,0.8088
722,230,17,0.2248
1350,230,17,0.9142
1546,230,17,0.9143
2086,230,17,0.5945
2138,230,17,0.8790
3835,230,17,0.3262
5102,230,17,0.7079
9187,230,17,0.9238
12560,230,17,0.8764
14932,230,17,0.4257
716,231,17,0.7895
1246,231,17,0.8704
3230,231,17,0.5166
3968,231,17,0.3088
6825,231,17,0.6731
7415,231,17,0.3230
9282,231,17,0.9133
12210,231,17,0.5093
12341,231,17,0.9152
13653,231,17,0.7073
7460,227,17,0.3852
9548,227,17,0.7375
10029,227,17,0.8885
11577,227,17,0.6686
13325,227,17,0.9021
1399,229,107,0.7877
1438,229,107,0.6981
5742,229,107,0.6804
7468,229,107,0.8101
8838,229,107,0.5617
9577,229,107,0.5492
10428,229,107,0.7944
11753,229,107,0.8160
11845,229,107,0.8136
15395,229,107,0.8178
1420,230,93,0.8641
7097,230,93,0.3818
8876,230,93,0.7722
8903,230,93,0.7790
10836,230,93,0.6621
12310,230,93,0.4103
13997,230,93,0.6778
14151,230,93,0.7740
14663,230,93,0.7852
275,231,17,0.6638
1959,231,17,0.8956
5535,231,17,0.8984
5677,231,17,0.5530
6544,231,17,0.6086
8232,231,17,0.3863
9828,231,17,0.5411
10457,231,17,0.7565
10937,231,17,0.3381
13886,231,17,0.9177
1838,227,17,0.5400
6024,227,17,0.2291
2274,229,107,0.7634
3698,229,107,0.7956
8771,229,107,0.8043
8898,229,107,0.8082
9186,229,107,0.6425
9256,229,107,0.7516
12783,229,107,0.8061
15396,229,107,0.8227
15397,229,107,0.7945
606,231,17,0.6832
2207,231,17,0.8947
4387,231,17,0.8506
5711,231,17,0.6290
10571,231,17,0.9059
11448,231,17,0.6648
13562,231,17,0.8777
14603,231,17,0.7402
15158,231,17,0.7675
15404,231,17,0.7588
5837,232,132,0.8388
10361,232,132,0.4311
13099,232,132,0.7445
13435,232,132,0.0825
2673,227,17,0.3704
4487,227,17,0.7461
5687,227,17,0.7545
6295,227,17,0.2366
9811,227,17,0.7900
10831,227,17,0.8000
10891,227,17,0.7349
11427,227,17,0.7265
15218,227,17,0.7194
847,229,43,0.7379
2773,229,43,0.7987
2861,229,43,0.7518
4636,229,43,0.6326
8655,229,43,0.2307
9234,229,43,0.6227
9423,229,43,0.8601
12972,229,43,0.7058
12996,229,43,0.5242
14724,229,43,0.8127
828,231,17,0.5470
2095,231,17,0.1996
2527,231,17,0.6680
5082,231,17,0.7838
5562,231,17,0.7052
6615,231,17,0.8429
6985,231,17,0.6527
7280,231,17,0.6209
11217,231,17,0.8943
12754,231,17,0.2201
1351,232,132,0.7587
2176,232,132,0.8510
2218,232,132,0.9046
4449,232,132,0.3491
5007,232,132,0.2972
5896,232,132,0.5244
7892,232,132,0.8057
8095,232,132,0.6996
10447,232,132,0.2628
15483,232,132,0.2499
2643,227,17,0.7978
8184,227,17,0.5244
274,229,43,0.8615
901,229,43,0.9146
7116,229,43,0.7436
10456,229,43,0.2022
11109,229,43,0.7642
11335,229,43,0.4848
12023,229,43,0.9235
15398,229,43,0.8367
15399,229,43,0.6058
15400,229,43,0.6638
1608,231,93,0.8223
4230,231,93,0.8770
4972,231,93,0.3447
6237,231,93,0.7880
6755,231,93,0.8377
11104,231,93,0.4303
14070,231,93,0.8428
14446,231,93,0.7706
15173,231,93,0.7689
15266,231,93,0.7147
471,232,23,0.6042
864,232,23,0.5240
4036,232,23,0.7410
5600,232,23,0.5740
8498,232,23,0.2500
9785,232,23,0.6076
11972,232,23,0.6433
14673,232,23,0.5950
14734,232,23,0.7926
15484,232,23,0.7299
1207,227,17,0.7407
4519,227,17,0.7061
7138,227,17,0.7534
9964,227,17,0.7188
11950,227,17,0.7154
12134,227,17,0.6309
14422,227,17,0.3088
14611,227,17,0.7779
15221,227,17,0.3058
372,229,43,0.6404
1562,229,43,0.4487
5688,229,43,0.4209
6308,229,43,0.9159
6431,229,43,0.9317
10747,229,43,0.4711
14691,229,43,0.9200
15137,229,43,0.7638
15401,229,43,0.5618
2614,231,17,0.7040
3865,231,17,0.8088
4846,231,17,0.9069
5871,231,17,0.9146
5908,231,17,0.7845
7488,231,17,0.9421
7840,231,17,0.9431
13048,231,17,0.4929
14243,231,17,0.8444
15481,231,17,0.9385
3574,232,107,0.7308
10590,232,107,0.7883
10921,232,107,0.6348
11537,232,107,0.8019
11655,232,107,0.8132
11729,232,107,0.6095
11776,232,107,0.7988
11785,232,107,0.8137
12636,232,107,0.1777
15488,232,107,0.8195
6430,227,17,0.9028
9800,227,17,0.0915
14712,227,17,0.9125
1621,229,17,0.4097
4520,229,17,0.8026
6697,229,17,0.7675
10672,229,17,0.8188
11674,229,17,0.8164
12143,229,17,0.8057
13392,229,17,0.8171
13730,229,17,0.7967
14162,229,17,0.7111
15403,229,17,0.4564
2682,232,43,0.7683
3485,232,43,0.9131
4153,232,43,0.9268
4699,232,43,0.9359
8750,232,43,0.8848
9342,232,43,0.9099
9794,232,43,0.6307
11603,232,43,0.8730
11641,232,43,0.7204
13020,232,43,0.7836
4037,233,132,0.7974
5897,233,132,0.6580
6264,233,132,0.8237
6870,233,132,0.6017
9912,233,132,0.6428
10069,233,132,0.2817
10572,233,132,0.8494
11056,233,132,0.7276
11558,233,132,0.6619
15079,233,132,0.8170
4743,227,17,0.6764
6721,227,17,0.3668
7632,227,17,0.2812
2628,229,17,0.7820
2653,229,17,0.8133
3031,229,17,0.6889
3634,229,17,0.6440
6563,229,17,0.8057
6594,229,17,0.8028
6670,229,17,0.7560
6928,229,17,0.8091
13765,229,17,0.6396
13970,229,17,0.8022
986,232,43,0.7365
2022,232,43,0.6955
2644,232,43,0.7997
3096,232,43,0.7098
7434,232,43,0.7991
8354,232,43,0.6434
10422,232,43,0.7857
11684,232,43,0.6659
13070,232,43,0.7518
7610,233,132,0.3016
9327,233,132,0.2186
13936,233,132,0.3650
10801,227,17,0.3840
12232,227,17,0.3405
3302,229,17,0.8112
3703,229,17,0.6551
4621,229,17,0.8013
5025,229,17,0.8103
6526,229,17,0.8047
6909,229,17,0.8169
8112,229,17,0.8047
8598,229,17,0.8015
9430,229,17,0.8133
14612,229,17,0.8197
3981,232,17,0.4330
5858,232,17,0.7597
6331,232,17,0.8025
7020,232,17,0.2985
11055,232,17,0.7194
13145,232,17,0.6747
14613,232,17,0.7970
14751,232,17,0.4587
14956,232,17,0.8074
14964,232,17,0.8021
6505,233,132,0.3850
7965,233,132,0.7904
8372,233,132,0.4385
9726,233,132,0.7134
9749,233,132,0.7805
648,227,17,0.7207
3411,227,17,0.7553
6236,227,17,0.7780
628,229,17,0.8104
1446,229,17,0.5040
4868,229,17,0.8019
5475,229,17,0.6564
7315,229,17,0.8886
8314,229,17,0.9097
9868,229,17,0.6087
14772,229,17,0.2975
15087,229,17,0.8771
15234,229,17,0.2464
193,232,17,0.6760
1126,232,17,0.3803
4498,232,17,0.7197
6683,232,17,0.6584
7756,232,17,0.8304
8656,232,17,0.7992
10222,232,17,0.3600
10938,232,17,0.3129
11319,232,17,0.9027
15031,232,17,0.9024
7118,233,132,0.7073
8023,233,132,0.7492
8732,233,132,0.7547
10090,233,132,0.2329
8984,227,17,0.2429
11847,227,17,0.7129
3249,229,17,0.8911
5296,229,17,0.4063
6772,229,17,0.2326
7080,229,17,0.7853
8782,229,17,0.3533
12316,229,17,0.8191
2385,232,93,0.5134
2555,232,93,0.8753
4854,232,93,0.6088
5304,232,93,0.2795
7299,232,93,0.8066
7689,232,93,0.7472
8910,232,93,0.7353
13140,232,93,0.8026
14827,232,93,0.8042
15489,232,93,0.7795
111,233,132,0.5558
7489,233,132,0.2091
8388,233,132,0.3134
15490,233,132,0.7991
2906,227,17,0.6224
5554,227,17,0.3265
4513,229,17,0.2890
6170,229,17,0.7857
6510,229,17,0.7333
9488,229,17,0.8747
12236,229,17,0.7806
13372,229,17,0.9183
14687,229,17,0.7413
14819,229,17,0.8962
14922,229,17,0.1188
15100,229,17,0.9248
4177,233,132,0.4148
13844,233,132,0.4107
502,234,132,0.5961
1059,234,132,0.7019
2683,234,132,0.8671
2950,234,132,0.8101
6340,234,132,0.2519
7132,234,132,0.7741
8483,234,132,0.8049
9058,234,132,0.8001
12279,234,132,0.7027
15359,234,132,0.7232
3753,227,17,0.3983
7381,227,17,0.7418
5665,229,17,0.8178
6163,229,17,0.9238
8081,229,17,0.9275
9965,229,17,0.6664
9989,229,17,0.9208
10365,229,17,0.4026
10582,229,17,0.9283
11127,229,17,0.4021
12044,229,17,0.9146
15409,229,17,0.4963
5975,233,132,0.7063
10429,233,132,0.7468
767,234,132,0.5421
1954,234,132,0.1896
2710,234,132,0.8766
3135,234,132,0.7647
3450,234,132,0.8500
6179,234,132,0.7872
9627,234,132,0.7661
9743,234,132,0.7907
13211,234,132,0.7113
15499,234,132,0.2643
1178,227,17,0.4916
2502,227,17,0.8781
8363,227,17,0.6054
8972,227,17,0.7819
11053,227,17,0.7068
12472,227,17,0.8315
13673,227,17,0.7103
2450,229,17,0.9164
2526,229,17,0.9239
3864,229,17,0.2807
4098,229,17,0.8245
5372,229,17,0.3705
5895,229,17,0.8329
9992,229,17,0.6122
12869,229,17,0.0920
15411,229,17,0.5651
15418,229,17,0.6212
1364,233,132,0.6006
8038,233,132,0.4343
12521,233,132,0.4421
14209,233,132,0.8930
9669,234,23,0.2598
15142,234,23,0.6526
2546,227,17,0.7178
3910,227,17,0.7989
4001,227,17,0.8663
4086,227,17,0.8989
6048,227,17,0.3772
7451,227,17,0.8221
8993,227,17,0.8185
9226,227,17,0.7635
9897,227,17,0.8290
12832,227,17,0.7247
519,229,17,0.4846
15004,229,17,0.6942
1471,233,132,0.6220
3667,233,132,0.6908
14098,233,132,0.2819
14580,233,132,0.7891
2791,234,23,0.5342
9981,234,23,0.8540
10713,234,23,0.8988
10732,234,23,0.4711
13515,234,23,0.3629
93,227,17,0.7383
9233,227,17,0.6699
9733,227,17,0.7908
456,229,17,0.4683
3539,229,17,0.4314
5101,229,17,0.7705
5588,229,17,0.3558
6705,229,17,0.6826
7533,229,17,0.7833
10164,229,17,0.5876
11286,229,17,0.7840
13963,229,17,0.7906
14598,229,17,0.6407
614,233,132,0.6293
5175,233,132,0.6560
12509,233,132,0.7593
12663,233,132,0.8015
50,234,23,0.4245
3911,234,23,0.6173
4560,234,23,0.7752
4947,234,23,0.7506
5743,234,23,0.6575
7281,234,23,0.7169
7919,234,23,0.7273
7987,234,23,0.7454
9549,234,23,0.4782
3133,227,17,0.7552
5545,227,17,0.7254
3992,229,17,0.4579
5762,229,17,0.2141
6614,229,17,0.5826
8247,229,17,0.4548
10534,229,17,0.7804
12209,229,17,0.3561
12959,229,17,0.7763
13664,229,17,0.8462
15019,229,17,0.7024
15422,229,17,0.9256
1421,233,132,0.7236
4806,233,132,0.8652
9343,233,132,0.7630
11583,233,132,0.7611
12453,233,132,0.7122
13247,233,132,0.7974
13586,233,132,0.2499
13760,233,132,0.8061
13770,233,132,0.3092
15383,233,132,0.7756
4072,234,23,0.7656
6906,234,23,0.7650
9465,234,23,0.3389
13436,234,23,0.5047
12352,227,93,0.4528
1208,229,17,0.6360
3274,229,17,0.8906
3288,229,17,0.7424
5364,229,17,0.7405
5427,229,17,0.2969
6575,229,17,0.8395
8426,229,17,0.6393
10854,229,17,0.8476
12878,229,17,0.7849
15335,229,17,0.8043
3873,233,132,0.7509
9823,233,132,0.7667
15185,233,132,0.7401
3982,234,23,0.6248
4869,234,23,0.5265
6143,234,23,0.8938
6272,234,23,0.8924
14475,234,23,0.9183
1057,227,93,0.5924
3572,227,93,0.8261
3888,227,93,0.9251
5570,227,93,0.9354
8712,227,93,0.9104
9063,227,93,0.6128
10346,227,93,0.8372
10491,227,93,0.9442
12748,227,93,0.5156
14301,227,93,0.7610
7898,229,17,0.7701
14362,229,17,0.5294
14830,229,17,0.6867
1972,233,132,0.7447
7546,233,132,0.5260
8885,233,132,0.7809
10765,233,132,0.2628
11759,233,132,0.7262
12379,233,132,0.7588
12811,233,132,0.7324
14430,233,132,0.7514
14924,233,132,0.5497
15491,233,132,0.7965
2330,234,23,0.7527
3437,234,23,0.8765
3993,234,23,0.8368
5829,234,23,0.6828
8124,234,23,0.8864
9734,234,23,0.7037
12800,234,23,0.6848
1600,227,17,0.3954
14733,227,17,0.6080
2313,229,17,0.4441
4095,229,17,0.7717
5014,229,17,0.3566
9227,229,17,0.7836
12135,229,17,0.7199
13038,229,17,0.7836
13346,229,17,0.4786
14194,229,17,0.4797
14729,229,17,0.5182
15251,229,17,0.7761
6068,233,132,0.5378
6220,233,132,0.8287
10336,233,132,0.8148
12244,233,132,0.8147
14652,233,132,0.7522
14848,233,132,0.7778
15492,233,132,0.7628
1979,234,23,0.7503
15500,234,23,0.1196
4137,227,17,0.6061
5206,227,17,0.1119
14415,227,17,0.4561
12050,229,17,0.7867
12055,229,17,0.8029
13805,229,17,0.6934
8055,233,132,0.6515
9780,233,132,0.7984
9786,233,132,0.7251
11171,233,132,0.3005
15496,233,132,0.7998
8240,234,23,0.5241
15501,234,23,0.8065
964,227,17,0.3271
1125,227,17,0.6901
3165,227,17,0.2111
5639,227,17,0.4277
6894,227,17,0.6013
8138,227,17,0.2840
9589,227,17,0.4054
12805,227,17,0.6834
14841,227,17,0.8063
15228,227,17,0.6911
285,229,17,0.7684
2530,229,17,0.8082
5130,229,17,0.3673
5561,229,17,0.9068
7822,229,17,0.9183
10596,229,17,0.8346
11453,229,17,0.6474
11810,229,17,0.8934
15074,229,17,0.8693
15426,229,17,0.8044
2735,233,132,0.7494
3960,233,132,0.7124
4167,233,132,0.3122
4700,233,132,0.8720
7244,233,132,0.9292
9578,233,132,0.9118
11336,233,132,0.5444
11799,233,132,0.2834
12496,233,132,0.3735
13175,233,132,0.7470
2489,234,23,0.7274
5279,234,23,0.5821
5820,234,23,0.7604
7205,234,23,0.5214
9953,234,23,0.2684
13887,234,23,0.3818
14316,234,23,0.7957
2320,227,17,0.5638
2830,227,17,0.7909
4719,227,17,0.2696
4875,227,17,0.2629
5664,227,17,0.6443
11004,227,17,0.2888
11508,227,17,0.6304
11918,227,17,0.2389
13544,227,17,0.2661
14131,227,17,0.3111
910,229,17,0.7438
1349,229,17,0.3573
1491,229,17,0.2919
1851,229,17,0.7905
5836,229,17,0.5589
6229,229,17,0.6818
9519,229,17,0.8094
9864,229,17,0.8061
12694,229,17,0.8178
13706,229,17,0.8188
7,233,23,0.9368
2321,233,23,0.9064
2510,233,23,0.1773
5035,233,23,0.1408
5386,233,23,0.9281
5440,233,23,0.0612
10931,233,23,0.8819
12237,233,23,0.7660
13282,233,23,0.8913
15427,233,23,0.9401
249,234,23,0.7604
809,234,23,0.6675
2674,234,23,0.3301
10781,234,23,0.7560
11172,234,23,0.6827
11422,234,23,0.7618
13316,234,23,0.6175
14181,234,23,0.2124
15277,234,23,0.7470
552,227,17,0.7841
570,227,17,0.2490
3448,227,17,0.3262
4285,227,17,0.2319
6796,227,17,0.2298
6802,227,17,0.7483
6984,227,17,0.4405
8151,227,17,0.3441
12913,227,17,0.2137
15233,227,17,0.5215
2005,229,17,0.1986
4071,229,17,0.3575
4455,229,17,0.7881
5303,229,17,0.7706
6253,229,17,0.8019
7024,229,17,0.7515
7153,229,17,0.8036
11466,229,17,0.7737
12390,229,17,0.4598
12629,229,17,0.7858
8443,233,23,0.3240
9489,233,23,0.1034
14993,233,23,0.8493
291,234,107,0.8048
4973,234,107,0.2916
7168,234,107,0.7690
7395,234,107,0.5139
7725,234,107,0.7931
8938,234,107,0.8133
9739,234,107,0.8204
13187,234,107,0.6813
14273,234,107,0.8000
1583,227,17,0.5305
4432,227,17,0.0971
6178,227,17,0.3540
6330,227,17,0.8791
6593,227,17,0.6927
6843,227,17,0.5923
8928,227,17,0.1394
9151,227,17,0.8956
10659,227,17,0.2471
11409,227,17,0.0784
5630,229,17,0.5323
7367,229,17,0.3102
15432,229,17,0.5218
10722,233,23,0.6411
13878,233,23,0.7184
736,234,43,0.6040
3668,234,43,0.4426
6986,234,43,0.3233
7214,234,43,0.1823
9395,234,43,0.4108
9618,234,43,0.8607
11097,234,43,0.7893
14915,234,43,0.7869
973,227,17,0.8029
2258,227,17,0.9202
4570,227,17,0.6338
4587,227,17,0.0952
8065,227,17,0.2583
8425,227,17,0.4645
9157,227,17,0.3583
9957,227,17,0.9167
10061,227,17,0.8951
13585,227,17,0.2143
1138,229,17,0.7344
2538,229,17,0.3104
2907,229,17,0.6385
3267,229,17,0.7644
5379,229,17,0.7967
5768,229,17,0.7339
8617,229,17,0.7941
10379,229,17,0.8063
12685,229,17,0.6172
13925,229,17,0.7989
1233,233,23,0.7383
2983,233,23,0.7898
4737,233,23,0.9147
6036,233,23,0.8548
8930,233,23,0.9128
10355,233,23,0.0958
10774,233,23,0.9353
14132,233,23,0.0636
15222,233,23,0.8583
15235,233,23,0.7927
5049,234,43,0.4126
5457,234,43,0.7960
500,227,17,0.7271
2709,227,17,0.0791
4204,227,17,0.8197
4970,227,17,0.6119
6450,227,17,0.0670
6851,227,17,0.5840
6958,227,17,0.9310
7343,227,17,0.0693
12684,227,17,0.9364
13980,227,17,0.7357
488,229,17,0.8063
4588,229,17,0.5991
5546,229,17,0.7924
12152,229,17,0.6220
12667,229,17,0.2999
13168,229,17,0.8098
13870,229,17,0.7982
13976,229,17,0.8084
14803,229,17,0.6749
14908,229,17,0.7820
670,233,23,0.0862
2462,233,23,0.5572
2877,233,23,0.6644
4918,233,23,0.7997
7012,233,23,0.8088
11358,233,23,0.8053
11467,233,23,0.3636
5241,234,43,0.4883
6586,234,43,0.4944
11110,234,43,0.6934
11919,234,43,0.7503
13675,234,43,0.6391
15503,234,43,0.7999
2188,227,17,0.9175
2940,227,17,0.7118
7332,227,17,0.0842
8294,227,17,0.4324
8597,227,17,0.6838
9689,227,17,0.3375
12165,227,17,0.3546
12931,227,17,0.1069
13700,227,17,0.2628
14928,227,17,0.1714
2660,229,17,0.3917
4108,229,17,0.7207
6407,229,17,0.8780
6567,229,17,0.9124
10480,229,17,0.9285
11886,229,17,0.4168
11906,229,17,0.6982
13257,229,17,0.9366
14429,229,17,0.5133
15435,229,17,0.9249
2030,233,23,0.2862
2528,233,23,0.6771
3449,233,23,0.6019
3768,233,23,0.3236
4223,233,23,0.3001
5526,233,23,0.3223
6536,233,23,0.7854
6655,233,23,0.7065
12342,233,23,0.7936
14986,233,23,0.8241
1150,234,43,0.6259
2108,234,43,0.8737
3041,234,43,0.6518
3216,234,43,0.8731
4701,234,43,0.8684
5327,234,43,0.8903
6698,234,43,0.4799
8763,234,43,0.8747
9530,234,43,0.7826
10680,234,43,0.7854
2560,227,17,0.8568
5034,227,17,0.2558
5356,227,17,0.2786
7234,227,17,0.5713
8236,227,17,0.6558
10849,227,17,0.1602
11042,227,17,0.6153
11621,227,17,0.7464
15239,227,17,0.2251
15245,227,17,0.8727
2488,229,17,0.8833
3793,229,17,0.4025
4299,229,17,0.8866
7515,229,17,0.6177
7815,229,17,0.7350
10120,229,17,0.7976
11881,229,17,0.4027
12326,229,17,0.6341
12473,229,17,0.8860
13265,229,17,0.7737
1127,233,23,0.6192
3590,233,23,0.8615
5916,233,23,0.8521
9135,233,23,0.8927
9283,233,23,0.9169
11888,233,23,0.2505
12278,233,23,0.9144
4896,234,43,0.2943
6114,234,43,0.7451
10108,234,43,0.2096
10468,234,43,0.8150
12691,234,43,0.6850
584,227,17,0.5754
1698,227,17,0.8165
2487,227,17,0.7486
2636,227,17,0.7656
5482,227,17,0.5058
6388,227,17,0.3227
8275,227,17,0.7882
10813,227,17,0.2188
13174,227,17,0.5979
15250,227,17,0.5876
715,229,17,0.7895
1996,229,17,0.3396
2702,229,17,0.8860
6207,229,17,0.9083
7963,229,17,0.9222
8977,229,17,0.4337
9134,229,17,0.9220
11054,229,17,0.9146
12861,229,17,0.4169
14112,229,17,0.7945
958,233,23,0.7522
1742,233,23,0.3079
3021,233,23,0.5139
3156,233,23,0.7369
6433,233,23,0.8233
7344,233,23,0.1271
7646,233,23,0.1412
10458,233,23,0.6080
13071,233,23,0.5402
13155,233,23,0.8128
1973,234,43,0.8144
3202,234,43,0.8667
6081,234,43,0.8691
9049,234,43,0.8068
9773,234,43,0.7683
13341,234,43,0.8989
14202,234,43,0.7963
14861,234,43,0.4035
15330,234,43,0.7410
15351,234,43,0.6958
2434,227,17,0.6263
2948,227,17,0.7253
4338,227,17,0.2239
5465,227,17,0.1420
6824,227,17,0.5971
7414,227,17,0.4100
12701,227,17,0.8052
13109,227,17,0.6915
15036,227,17,0.2684
15252,227,17,0.2325
1112,229,93,0.7950
1930,229,93,0.7976
3420,229,93,0.7826
3959,229,93,0.8065
6049,229,93,0.8136
6584,229,93,0.7965
9668,229,93,0.6527
11205,229,93,0.7967
15439,229,93,0.8175
15442,229,93,0.8195
531,233,23,0.5231
10192,233,23,0.5903
14501,233,23,0.7090
1825,234,43,0.7333
3946,234,43,0.8219
6646,234,43,0.6971
7438,234,43,0.5801
8120,234,43,0.0969
9074,234,43,0.9042
11392,234,43,0.8679
12505,234,43,0.7137
13024,234,43,0.6211
15473,234,43,0.6843
5,227,17,0.3450
714,227,17,0.6303
1031,227,17,0.1979
1265,227,17,0.8038
3848,227,17,0.6998
7408,227,17,0.3334
8197,227,17,0.5441
10107,227,17,0.2201
11809,227,17,0.2119
14880,227,17,0.8611
888,229,93,0.8072
1040,229,93,0.8144
3061,229,93,0.6452
5326,229,93,0.5614
7377,229,93,0.8011
9351,229,93,0.7799
10181,229,93,0.4503
10982,229,93,0.7950
13602,229,93,0.7436
14234,229,93,0.7543
9394,233,23,0.4659
13861,233,23,0.7857
1747,234,43,0.7172
4993,234,43,0.6778
5845,234,43,0.7272
8413,234,43,0.6848
9943,234,43,0.7909
10366,234,43,0.7644
12145,234,43,0.5582
14265,234,43,0.7822
619,227,17,0.6139
827,227,17,0.7620
2215,227,17,0.8910
4711,227,17,0.9144
4946,227,17,0.9008
5066,227,17,0.1057
9634,227,17,0.8707
13352,227,17,0.8057
13557,227,17,0.6674
13607,227,17,0.8203
366,229,93,0.8050
965,229,93,0.2508
5571,229,93,0.6905
8678,229,93,0.7790
9365,229,93,0.7275
11063,229,93,0.7745
11592,229,93,0.7232
12414,229,93,0.7820
15281,229,93,0.2674
15445,229,93,0.7756
14586,233,23,0.4426
15260,233,23,0.2558
15410,233,23,0.7756
950,234,43,0.7182
2006,234,43,0.2550
2853,234,43,0.3190
6760,234,43,0.7454
8895,234,43,0.7654
12398,234,43,0.7431
13283,234,43,0.3866
13486,234,43,0.7652
685,227,17,0.3719
4314,227,17,0.2515
4354,227,17,0.5698
5790,227,17,0.7996
7306,227,17,0.7995
10421,227,17,0.8098
10843,227,17,0.4941
12420,227,17,0.7790
12753,227,17,0.8019
13497,227,17,0.2213
1172,233,23,0.7286
1572,233,23,0.8621
9032,233,23,0.8864
9152,233,23,0.7084
10000,233,23,0.2773
13146,233,23,0.9044
14799,233,23,0.8971
15214,233,23,0.7158
2885,234,43,0.6472
4023,234,43,0.7123
6671,234,43,0.7295
9026,234,43,0.6777
9101,234,43,0.4809
10183,234,43,0.8719
11147,234,43,0.6374
11685,234,43,0.8053
13169,234,43,0.7970
14632,234,43,0.5160
3289,235,132,0.4632
5898,235,132,0.6094
6506,235,132,0.2824
8810,235,132,0.2669
9847,235,132,0.7577
10337,235,132,0.7253
10733,235,132,0.2867
13931,235,132,0.8026
14270,235,132,0.8062
14399,235,132,0.2016
7897,227,17,0.2143
12598,227,17,0.2857
248,233,23,0.8577
598,233,23,0.1042
676,233,23,0.6068
4231,233,23,0.8596
5235,233,23,0.6339
5689,233,23,0.6264
6640,233,23,0.8513
7273,233,23,0.7661
7757,233,23,0.7759
10182,233,23,0.7078
1845,234,17,0.3175
2124,234,17,0.7277
5015,234,17,0.9010
8185,234,17,0.4011
11137,234,17,0.8698
13608,234,17,0.9168
15297,234,17,0.7143
1730,235,132,0.7320
8402,235,132,0.7813
12399,235,132,0.7697
12454,235,132,0.7492
1533,227,17,0.2845
1929,227,17,0.2468
2924,227,17,0.6972
4505,227,17,0.2767
4845,227,17,0.4837
5524,227,17,0.6482
7213,227,17,0.6360
11039,227,17,0.2293
13434,227,17,0.6376
13652,227,17,0.8078
775,233,23,0.4290
1707,233,23,0.8095
2248,233,23,0.7521
2608,233,23,0.6261
3033,233,23,0.4723
8567,233,23,0.2405
10381,233,23,0.8080
12332,233,23,0.8007
13030,233,23,0.7749
13851,233,23,0.7394
2096,234,17,0.7780
3105,234,17,0.7986
3231,234,17,0.2570
4422,234,17,0.3037
12580,234,17,0.6940
14755,234,17,0.7885
9050,235,132,0.5117
15134,235,132,0.7782
1289,227,17,0.4922
1917,227,17,0.6104
3365,227,17,0.4937
4361,227,17,0.2869
5061,227,17,0.3031
5622,227,17,0.6471
8801,227,17,0.4521
10870,227,17,0.9070
10919,227,17,0.0679
15258,227,17,0.9346
4421,233,23,0.6699
6230,233,23,0.2671
9048,233,23,0.7012
10505,233,23,0.9093
10552,233,23,0.1737
12166,233,23,0.4185
12268,233,23,0.3395
13683,233,23,0.7942
14831,233,23,0.7247
2870,234,17,0.3273
9480,234,17,0.7865
2962,235,132,0.2041
14883,235,132,0.3728
7754,227,17,0.9071
7974,227,17,0.4329
8628,227,17,0.7945
8670,227,17,0.2592
10256,227,17,0.2300
13013,227,17,0.6847
13426,227,17,0.2479
13429,227,17,0.1743
13573,227,17,0.1768
13877,227,17,0.3383
355,233,23,0.5627
11730,233,23,0.5428
12676,233,23,0.7747
793,234,17,0.4330
15006,234,17,0.3193
162,235,132,0.7077
2178,235,132,0.7402
4301,235,132,0.8929
6127,235,132,0.8474
7439,235,132,0.6178
7670,235,132,0.3789
10109,235,132,0.4172
10356,235,132,0.8765
13031,235,132,0.6412
13347,235,132,0.8141
2300,227,17,0.6930
5541,227,17,0.2950
6356,227,17,0.1553
8285,227,17,0.2078
9643,227,17,0.2317
9719,227,17,0.7145
9892,227,17,0.5995
10148,227,17,0.1917
12035,227,17,0.3585
12200,227,17,0.4583
2014,233,23,0.7396
3375,233,23,0.4225
4855,233,23,0.5254
5305,233,23,0.3548
8978,233,23,0.6691
10887,233,23,0.2044
11082,233,23,0.7961
11951,233,23,0.7771
12036,233,23,0.3012
15497,233,23,0.8120
7325,234,17,0.2201
12333,234,17,0.3192
1717,235,132,0.7904
2547,235,132,0.6993
7883,235,132,0.8539
8434,235,132,0.8240
9263,235,132,0.5926
11491,235,132,0.8116
11865,235,132,0.7500
11963,235,132,0.7959
14403,235,132,0.7718
15493,235,132,0.8075
540,227,17,0.5846
1348,227,17,0.3216
2765,227,17,0.7041
2845,227,17,0.7479
2993,227,17,0.1911
3730,227,17,0.7875
3979,227,17,0.3342
5163,227,17,0.2293
11962,227,17,0.8091
12296,227,17,0.6674
3689,233,107,0.7878
3881,233,107,0.5662
5872,233,107,0.7417
8014,233,107,0.2350
8703,233,107,0.6440
12544,233,107,0.7448
14008,233,107,0.4735
14092,233,107,0.7283
15392,233,107,0.7975
6576,234,17,0.7842
11199,234,17,0.1154
6911,235,132,0.2155
7317,235,132,0.7045
14175,235,132,0.7921
14828,235,132,0.8129
15138,235,132,0.8185
2420,227,17,0.7382
4113,227,17,0.6249
4620,227,17,0.2105
4986,227,17,0.7900
7029,227,17,0.7050
7693,227,17,0.7320
7991,227,17,0.7859
8749,227,17,0.5012
9210,227,17,0.6619
9770,227,17,0.5725
2637,233,43,0.7339
2724,233,43,0.7184
3945,233,43,0.7946
4732,233,43,0.7632
4940,233,43,0.8181
5365,233,43,0.3041
9431,233,43,0.7085
11690,233,43,0.6167
12071,233,43,0.7257
14968,233,43,0.7377
7900,234,17,0.3477
11117,234,17,0.6881
4280,235,132,0.3247
6577,235,132,0.8006
7663,235,132,0.7792
415,227,17,0.2169
3632,227,17,0.3438
5377,227,17,0.8041
6187,227,17,0.6304
6669,227,17,0.2517
7944,227,17,0.7352
8441,227,17,0.7929
9353,227,17,0.8020
10952,227,17,0.7119
10985,227,17,0.7699
2790,233,17,0.5408
3610,233,17,0.7675
5048,233,17,0.1790
10786,233,17,0.7858
11570,233,17,0.6437
12932,233,17,0.8397
14442,233,17,0.7985
1155,234,17,0.6611
2811,234,17,0.8401
3465,234,17,0.0948
4590,234,17,0.8134
9496,234,17,0.2380
14820,234,17,0.8188
3010,235,132,0.7189
5976,235,132,0.6753
10294,235,132,0.7181
12622,235,132,0.7954
382,227,17,0.5261
3484,227,17,0.4345
5616,227,17,0.7963
5755,227,17,0.2115
6126,227,17,0.6841
6243,227,17,0.4259
12649,227,17,0.2047
14119,227,17,0.4593
15265,227,17,0.4178
15267,227,17,0.4670
11011,233,17,0.6560
13857,233,17,0.7872
6452,234,17,0.2107
9451,234,17,0.6199
2599,235,132,0.7332
8517,235,132,0.7004
3174,227,17,0.2339
5474,227,17,0.5999
5881,227,17,0.4152
7263,227,17,0.4418
8608,227,17,0.2108
9459,227,17,0.6632
11155,227,17,0.3498
11210,227,17,0.2869
14361,227,17,0.6433
15271,227,17,0.2239
295,233,17,0.7286
629,233,17,0.6149
1679,233,17,0.3498
2177,233,17,0.8644
2469,233,17,0.6695
3575,233,17,0.6529
8326,233,17,0.8274
11421,233,17,0.6589
14726,233,17,0.7386
15405,233,17,0.5781
687,234,17,0.2167
5103,234,17,0.3349
8877,234,17,0.7362
12167,234,17,0.6313
13648,234,17,0.8296
1499,235,132,0.7925
1609,235,132,0.8898
1632,235,132,0.6468
3203,235,132,0.8198
3994,235,132,0.8277
5799,235,132,0.6553
9033,235,132,0.8250
11800,235,132,0.7534
12497,235,132,0.7362
15080,235,132,0.7986
470,227,17,0.2795
997,227,17,0.5183
5706,227,17,0.7777
9100,227,17,0.2470
9598,227,17,0.7351
10629,227,17,0.1645
10687,227,17,0.7676
11970,227,17,0.3814
13945,227,17,0.2276
14007,227,17,0.4679
11371,233,17,0.2085
14646,233,17,0.2728
4300,234,17,0.6946
5466,234,17,0.8533
5717,234,17,0.8255
9644,234,17,0.7698
9936,234,17,0.6981
10607,234,17,0.7635
12812,234,17,0.2112
12916,234,17,0.8795
13086,234,17,0.2219
2586,235,23,0.7195
2778,235,23,0.0990
5151,235,23,0.8653
8295,235,23,0.6788
2093,227,17,0.8006
3619,227,17,0.6821
3672,227,17,0.7903
6030,227,17,0.2034
7058,227,17,0.7870
7403,227,17,0.2928
12121,227,17,0.3244
13154,227,17,0.5371
13447,227,17,0.4081
15275,227,17,0.7586
880,233,17,0.6634
949,233,17,0.7395
1824,233,17,0.6680
2846,233,17,0.7575
8254,233,17,0.8009
12650,233,17,0.8093
13100,233,17,0.8091
13926,233,17,0.8115
14326,233,17,0.8168
181,234,17,0.6716
817,234,17,0.5715
4488,234,17,0.7962
5306,234,17,0.2027
8802,234,17,0.7893
12724,234,17,0.8134
13617,234,17,0.8211
14459,234,17,0.4452
12445,235,23,0.6920
15105,235,23,0.6094
657,227,17,0.7278
4151,227,17,0.7894
6284,227,17,0.4703
6652,227,17,0.8672
6947,227,17,0.8737
8837,227,17,0.9196
10372,227,17,0.8788
12288,227,17,0.9278
14567,227,17,0.2899
15280,227,17,0.7219
783,233,93,0.5489
1009,233,93,0.6575
1523,233,93,0.7201
5340,233,93,0.6723
8009,233,93,0.3748
8103,233,93,0.7522
11509,233,93,0.3775
13738,233,93,0.8619
13841,233,93,0.7691
1027,234,17,0.7659
1852,234,17,0.7939
2338,234,17,0.6420
4601,234,17,0.7713
6910,234,17,0.7926
7611,234,17,0.6353
11814,234,17,0.6065
12668,234,17,0.6046
13659,234,17,0.8077
15504,234,17,0.8022
5373,235,23,0.4328
8345,235,23,0.6271
2048,227,93,0.5326
7441,227,93,0.6148
7532,227,93,0.3728
7656,227,93,0.5449
9762,227,93,0.6204
10044,227,93,0.6129
10472,227,93,0.6957
11187,227,93,0.2531
11590,227,93,0.2211
13047,227,93,0.7974
1791,233,132,0.8408
3921,233,132,0.8303
4463,233,132,0.8742
6773,233,132,0.2543
7105,233,132,0.8054
7560,233,132,0.5683
8882,233,132,0.7099
9308,233,132,0.7645
9708,233,132,0.8026
14258,233,132,0.3561
5421,234,17,0.3519
7148,234,17,0.2316
9170,234,17,0.8068
15376,234,17,0.5958
794,235,23,0.4001
6069,235,23,0.3527
9251,235,23,0.8822
11293,235,23,0.2029
1522,227,93,0.1954
3214,227,93,0.2081
4022,227,93,0.7444
4697,227,93,0.1035
8047,227,93,0.2508
9469,227,93,0.4045
12363,227,93,0.3886
13832,227,93,0.7869
14385,227,93,0.7228
15284,227,93,0.7975
4827,234,17,0.8582
8373,234,17,0.5975
9142,234,17,0.6891
9188,234,17,0.7337
10258,234,17,0.7617
10553,234,17,0.2133
10598,234,17,0.7324
12545,234,17,0.8314
12720,234,17,0.7158
13892,234,17,0.2597
6176,235,23,0.5381
10845,235,23,0.1913
440,236,132,0.7674
2684,236,132,0.8290
3787,236,132,0.7250
9777,236,132,0.5233
10185,236,132,0.9003
10460,236,132,0.8599
11400,236,132,0.8962
13438,236,132,0.7750
15333,236,132,0.7298
15347,236,132,0.8818
7279,227,93,0.3330
8406,227,93,0.7047
9534,227,93,0.4211
9713,227,93,0.3870
10009,227,93,0.1056
11569,227,93,0.0834
11788,227,93,0.3853
14597,227,93,0.8909
15290,227,93,0.6281
15291,227,93,0.6176
2766,234,17,0.4751
6780,234,17,0.8132
12941,234,17,0.3331
14143,234,17,0.6347
15261,234,17,0.8795
746,235,23,0.7566
1072,235,23,0.7139
5821,235,23,0.7805
11233,235,23,0.7695
11668,235,23,0.7801
14653,235,23,0.4566
1814,236,23,0.1898
1878,236,23,0.2433
2285,236,23,0.8799
3035,236,23,0.9148
3549,236,23,0.8921
7490,236,23,0.9328
10408,236,23,0.8947
11623,236,23,0.3473
12856,236,23,0.5555
15505,236,23,0.3067
791,227,93,0.4315
2166,227,93,0.3245
2273,227,93,0.8742
4403,227,93,0.8239
5324,227,93,0.1421
6604,227,93,0.1484
8762,227,93,0.8255
13180,227,93,0.6021
14467,227,93,0.2544
14977,227,93,0.4182
3933,234,17,0.7312
6527,234,17,0.7468
7013,234,17,0.7907
7547,234,17,0.6111
8979,234,17,0.7847
9976,234,17,0.8128
13946,234,17,0.8113
15419,234,17,0.8109
9396,235,23,0.5290
10021,235,23,0.2270
1189,236,23,0.5520
4734,236,23,0.5042
4785,236,23,0.9125
5633,236,23,0.9364
6397,236,23,0.6860
6435,236,23,0.9387
8463,236,23,0.8994
8632,236,23,0.9423
12228,236,23,0.9204
14713,236,23,0.9482
180,227,93,0.4369
899,227,93,0.5396
1067,227,93,0.4778
1419,227,93,0.3542
5499,227,93,0.6412
9364,227,93,0.6388
11022,227,93,0.3019
13210,227,93,0.6459
15030,227,93,0.6114
15292,227,93,0.7546
2301,234,17,0.2176
7256,234,17,0.3986
1458,235,23,0.5059
2908,235,23,0.2706
10922,235,23,0.8868
5422,236,23,0.0606
6775,236,23,0.8915
7318,236,23,0.9379
7345,236,23,0.9360
9611,236,23,0.9246
9637,236,23,0.9410
9880,236,23,0.9421
13481,236,23,0.9423
14211,236,23,0.9449
14295,236,23,0.9289
4034,227,93,0.6118
4769,227,93,0.6274
7962,227,93,0.6239
9410,227,93,0.6962
10179,227,93,0.3521
13641,227,93,0.2511
13689,227,93,0.6899
14249,227,93,0.2255
15296,227,93,0.8101
15300,227,93,0.3307
865,234,17,0.7888
1365,234,17,0.6495
3224,234,17,0.7292
4479,234,17,0.8659
5589,234,17,0.8950
7154,234,17,0.3977
10862,234,17,0.4967
11292,234,17,0.8782
13784,234,17,0.0813
849,235,23,0.3954
13937,235,23,0.4418
15372,235,23,0.6312
19,236,23,0.2640
342,227,93,0.7671
2356,227,93,0.4432
3425,227,93,0.2063
5397,227,93,0.5497
6001,227,93,0.3841
7568,227,93,0.4169
10210,227,93,0.2503
10762,227,93,0.5810
12277,227,93,0.1851
15305,227,93,0.3381
1214,234,17,0.8448
3547,234,17,0.7368
6089,234,17,0.1060
13275,234,17,0.8924
10872,235,23,0.7358
12846,235,23,0.3019
2088,236,23,0.3383
6617,236,23,0.1662
7107,236,23,0.7900
8269,236,23,0.7780
9397,236,23,0.5549
10536,236,23,0.8632
10978,236,23,0.2779
11593,236,23,0.6486
13532,236,23,0.7658
14222,236,23,0.6894
1897,227,93,0.7082
3030,227,93,0.7633
3146,227,93,0.3903
7590,227,93,0.8514
7821,227,93,0.8762
8853,227,93,0.9061
9185,227,93,0.8697
11649,227,93,0.7565
14150,227,93,0.8459
6418,234,17,0.2103
10217,234,17,0.7792
1353,235,23,0.7745
2878,235,23,0.2709
3240,235,23,0.7718
7580,235,23,0.6439
9143,235,23,0.7746
10122,235,23,0.8005
13381,235,23,0.7686
14124,235,23,0.2339
14417,235,23,0.7781
14794,235,23,0.6339
3367,236,23,0.2975
4808,236,23,0.7903
5654,236,23,0.6743
7657,236,23,0.1558
10846,236,23,0.9323
11048,236,23,0.9059
11521,236,23,0.7402
12565,236,23,0.9310
14519,236,23,0.6594
14762,236,23,0.9260
9196,234,17,0.7462
11372,234,17,0.2069
1151,235,23,0.1911
4185,235,23,0.7709
5230,236,23,0.5630
8140,236,23,0.5591
9628,236,23,0.9010
10260,236,23,0.6319
10384,236,23,0.6291
11119,236,23,0.6831
11181,236,23,0.7415
12098,236,23,0.5059
14600,236,23,0.9198
15541,236,23,0.7213
20,237,132,0.3151
3486,237,132,0.8795
5051,237,132,0.8678
7812,237,132,0.3643
9567,237,132,0.7489
10488,237,132,0.6118
10924,237,132,0.9260
13740,237,132,0.9225
13838,237,132,0.4527
14969,237,132,0.3178
165,234,17,0.7525
4002,234,17,0.7452
4138,234,17,0.2786
4205,234,17,0.5268
5673,234,17,0.7395
8583,234,17,0.7914
3251,235,23,0.1774
13717,235,23,0.3555
1341,236,23,0.8290
1861,236,23,0.9428
3011,236,23,0.9421
3830,236,23,0.9427
4898,236,23,0.9472
5067,236,23,0.9450
5744,236,23,0.9332
11605,236,23,0.9440
13893,236,23,0.8553
14606,236,23,0.8022
2331,237,132,0.9280
3006,237,132,0.8837
3024,237,132,0.6627
4156,237,132,0.8971
6658,237,132,0.9305
9838,237,132,0.1777
10449,237,132,0.8492
11084,237,132,0.9400
13464,237,132,0.9330
14093,237,132,0.7502
2219,234,17,0.7928
6310,234,17,0.8291
6967,234,17,0.6112
8039,234,17,0.6841
9121,234,17,0.8401
9920,234,17,0.7013
12761,234,17,0.5950
12775,234,17,0.3982
13459,234,17,0.7030
14372,234,17,0.6689
6332,235,23,0.7230
9944,235,23,0.2023
9702,236,23,0.3406
10012,236,23,0.0664
10244,236,23,0.9281
13460,236,23,0.9065
556,237,132,0.9366
1139,237,132,0.7036
7711,237,132,0.9014
11650,237,132,0.7117
13956,237,132,0.8442
15081,237,132,0.7704
15139,237,132,0.7848
1505,234,17,0.8341
11675,234,17,0.2251
13223,234,17,0.1469
6498,235,23,0.4205
7481,235,23,0.7332
7503,235,23,0.7701
8610,235,23,0.7962
12933,235,23,0.4867
938,236,23,0.6986
1366,236,23,0.7832
4871,236,23,0.5896
6568,236,23,0.8921
8242,236,23,0.6278
9387,236,23,0.9249
12212,236,23,0.6964
13786,236,23,0.8254
15054,236,23,0.3504
15230,236,23,0.6888
15167,237,132,0.6006
1032,234,17,0.7621
15307,234,17,0.6548
3903,235,23,0.5344
6656,235,23,0.3494
902,236,23,0.8237
1105,236,23,0.2328
3636,236,23,0.2879
3874,236,23,0.7649
6939,236,23,0.3957
11244,236,23,0.8624
14172,236,23,0.7908
14321,236,23,0.7253
14909,236,23,0.5242
15456,236,23,0.3068
2098,237,132,0.7292
2197,237,132,0.2756
10775,237,132,0.7920
12403,234,17,0.2610
14778,234,17,0.5810
8322,235,23,0.6629
13049,235,23,0.7337
2221,236,23,0.1349
3867,236,23,0.1666
5459,236,23,0.4042
10573,236,23,0.8910
11045,236,23,0.5178
5074,237,132,0.7438
9522,237,132,0.2219
15495,237,132,0.7789
124,234,17,0.6696
3692,234,17,0.6497
6833,234,17,0.6534
15101,234,17,0.9059
15159,234,17,0.7674
15508,234,17,0.5842
2459,235,23,0.7058
10041,235,23,0.5250
14137,235,23,0.7443
7671,236,23,0.4978
15069,236,23,0.8036
9110,237,132,0.2130
9921,237,132,0.4798
12623,237,132,0.7736
15131,237,132,0.3113
1352,234,17,0.6959
8723,234,17,0.7446
9320,234,17,0.6857
12092,234,17,0.8564
12991,234,17,0.1145
8331,235,23,0.7526
13971,235,23,0.4397
103,236,23,0.4035
287,236,23,0.8377
989,236,23,0.1817
2756,236,23,0.5023
5874,236,23,0.2724
7126,236,23,0.6016
9294,236,23,0.6870
4261,237,132,0.2681
8556,237,132,0.7720
12014,237,132,0.7885
1655,234,17,0.2101
14409,234,17,0.2386
12201,235,23,0.5120
13806,235,23,0.1447
3851,236,23,0.7358
6149,236,23,0.8237
8673,236,23,0.5779
11563,236,23,0.8556
14929,236,23,0.9053
599,237,132,0.7934
4139,237,132,0.7286
4786,237,132,0.8153
7927,237,132,0.7125
10894,237,132,0.3499
11200,237,132,0.8381
11272,237,132,0.7614
11732,237,132,0.8171
13092,237,132,0.7518
14912,237,132,0.7447
2661,234,17,0.7129
6231,234,17,0.8073
7316,234,17,0.0698
8321,234,17,0.9343
10234,234,17,0.8423
11345,234,17,0.9313
9460,235,23,0.5412
10304,235,23,0.7122
12581,235,23,0.7676
8599,236,23,0.4483
12093,236,23,0.8327
4234,237,132,0.6041
4949,237,132,0.6587
6221,237,132,0.7104
8024,237,132,0.7906
8733,237,132,0.8008
9095,237,132,0.7899
10351,237,132,0.7747
11710,237,132,0.8136
11953,237,132,0.6432
12745,237,132,0.7848
1316,234,17,0.8567
4368,234,17,0.8727
6624,234,17,0.2913
7732,234,17,0.2361
8948,234,17,0.2396
12606,234,17,0.8310
14556,234,17,0.6984
2451,235,23,0.3553
2692,235,23,0.6967
4232,235,23,0.5888
4653,235,23,0.5944
6287,235,23,0.7856
6616,235,23,0.7249
7169,235,23,0.7029
8994,235,23,0.7400
10723,235,23,0.7771
13899,235,23,0.6769
3188,236,23,0.3459
3204,236,23,0.8520
5189,236,23,0.8556
7206,236,23,0.5357
8826,236,23,0.7827
12256,236,23,0.3101
12896,236,23,0.7520
3169,237,23,0.8091
3401,237,23,0.2849
5142,237,23,0.1402
5699,237,23,0.7352
6108,237,23,0.5262
6529,237,23,0.7391
7482,237,23,0.7178
9388,237,23,0.1929
9481,237,23,0.7989
12105,237,23,0.8114
8113,234,17,0.7641
13448,234,17,0.7088
966,235,23,0.7892
2190,235,23,0.6998
5188,235,23,0.6649
6144,235,23,0.6622
7777,235,23,0.7610
11320,235,23,0.7291
13552,235,23,0.7905
13773,235,23,0.8055
14203,235,23,0.7568
15346,235,23,0.6454
5105,236,23,0.6848
11161,236,23,0.5248
263,237,23,0.7502
1648,237,23,0.4137
2349,237,23,0.8283
5209,237,23,0.9052
6588,237,23,0.8119
9849,237,23,0.7964
13323,237,23,0.6490
13439,237,23,0.8676
14033,237,23,0.9286
14228,237,23,0.9086
2314,234,17,0.6932
2802,234,17,0.7540
3754,234,17,0.7154
4578,234,17,0.5971
5150,234,17,0.8500
6817,234,17,0.5574
8462,234,17,0.2396
9366,234,17,0.9100
15510,234,17,0.7810
401,235,23,0.7251
1168,235,23,0.7842
1222,235,23,0.6719
1904,235,23,0.7315
2675,235,23,0.7787
3187,235,23,0.7893
3775,235,23,0.8052
7139,235,23,0.8071
7535,235,23,0.8105
11760,235,23,0.6460
416,236,23,0.5088
5428,236,23,0.2428
11157,236,23,0.5682
12312,236,23,0.5039
13277,236,23,0.8851
907,237,23,0.8890
4604,237,23,0.0687
6607,237,23,0.9077
8390,237,23,0.4625
9137,237,23,0.8855
9160,237,23,0.5395
11440,237,23,0.4914
12415,237,23,0.1589
15225,237,23,0.2754
15555,237,23,0.1066
776,234,17,0.8711
6375,234,17,0.4217
13072,234,17,0.4274
311,235,23,0.6748
875,235,23,0.7419
1389,235,23,0.7824
5776,235,23,0.7901
6706,235,23,0.6664
10709,235,23,0.7845
14443,235,23,0.8096
14674,235,23,0.7843
14681,235,23,0.6480
14688,235,23,0.7250
13927,236,23,0.6921
15437,236,23,0.6948
14575,237,23,0.6358
15438,237,23,0.8066
554,234,17,0.8109
4887,234,17,0.5853
5441,234,17,0.7704
10977,234,17,0.7468
11248,234,17,0.3431
12211,234,17,0.7715
13039,234,17,0.6923
13474,234,17,0.2887
13955,234,17,0.6856
14423,234,17,0.7935
11840,235,23,0.5429
1708,236,23,0.7501
6657,236,23,0.3768
441,237,23,0.7083
891,237,23,0.6417
4467,237,23,0.2928
5190,237,23,0.4231
5231,237,23,0.4511
6278,237,23,0.7843
11350,237,23,0.7483
15084,237,23,0.8043
15092,237,23,0.7086
15569,237,23,0.8051
987,234,17,0.6276
7045,234,17,0.4291
9879,234,17,0.7728
10844,234,17,0.6511
12238,234,17,0.2607
12421,234,17,0.7267
14071,234,17,0.6783
14527,234,17,0.6431
14568,234,17,0.7863
15436,234,17,0.2803
2886,235,23,0.7305
11520,235,23,0.3031
11327,236,23,0.3132
12000,236,23,0.3764
358,237,23,0.4041
2078,237,23,0.6113
2912,237,23,0.4623
3788,237,23,0.7916
5068,237,23,0.6976
9490,237,23,0.6577
829,234,17,0.6004
1409,234,17,0.8052
2862,234,17,0.7338
3412,234,17,0.7637
3850,234,17,0.7696
8671,234,17,0.2085
9355,234,17,0.7901
9993,234,17,0.5911
14810,234,17,0.8254
1846,235,23,0.3462
10398,235,23,0.6807
615,236,23,0.7956
1401,236,23,0.5546
5286,236,23,0.6907
6377,236,23,0.3099
7570,236,23,0.2140
8856,236,23,0.9177
12738,236,23,0.4702
6707,237,23,0.2257
10756,237,23,0.6952
848,234,93,0.3158
10382,234,93,0.7959
15513,234,93,0.7010
1000,235,23,0.4002
13739,235,23,0.3350
2720,236,23,0.3249
4374,236,23,0.5889
6551,237,23,0.8044
8249,237,23,0.2962
10653,237,23,0.8433
149,234,93,0.7478
1400,234,93,0.7518
3090,234,93,0.4665
3540,234,93,0.8256
5515,234,93,0.7797
7497,234,93,0.7934
10121,234,93,0.8064
13772,234,93,0.7206
15402,234,93,0.6836
1997,235,23,0.7029
7953,235,23,0.7479
10001,235,23,0.7561
12642,235,23,0.7966
8472,236,23,0.7407
11531,236,23,0.7574
14487,236,23,0.7953
975,237,23,0.5133
1432,237,23,0.4844
2045,237,23,0.8537
3116,237,23,0.4331
3542,237,23,0.8643
3904,237,23,0.2294
4307,237,23,0.7735
6265,237,23,0.7642
8083,237,23,0.7121
10838,237,23,0.7520
586,235,23,0.6997
7222,235,23,0.6011
13266,236,23,0.7909
15515,236,23,0.3017
678,237,23,0.5787
3593,237,23,0.8391
3913,237,23,0.8886
5451,237,23,0.8723
6470,237,23,0.9045
11833,237,23,0.2252
13461,237,23,0.8018
14020,237,23,0.4835
14235,237,23,0.3968
15547,237,23,0.7767
1002,238,132,0.6367
2150,238,132,0.7713
4328,238,132,0.7343
4774,238,132,0.6713
6190,238,132,0.5944
8455,238,132,0.7753
8828,238,132,0.7770
13775,238,132,0.7526
14079,238,132,0.7784
15584,238,132,0.7981
2792,235,23,0.5725
4434,235,23,0.8653
7183,235,23,0.8844
8082,235,23,0.9203
8389,235,23,0.8751
9631,235,23,0.7703
9954,235,23,0.9357
10141,235,23,0.9230
11173,235,23,0.9446
11454,235,23,0.6160
5712,236,23,0.4033
12187,236,23,0.7348
14497,236,23,0.4864
818,237,23,0.5991
5875,237,23,0.2142
155,238,23,0.8153
1191,238,23,0.5498
4889,238,23,0.7417
6776,238,23,0.8834
6998,238,23,0.9194
9253,238,23,0.9115
9498,238,23,0.3871
11238,238,23,0.8935
12863,238,23,0.5430
15356,238,23,0.5130
1799,235,23,0.9229
1938,235,23,0.9429
5618,235,23,0.6481
6790,235,23,0.8166
8199,235,23,0.9007
10198,235,23,0.9475
13258,235,23,0.0536
15485,235,23,0.6995
4155,236,23,0.2122
11349,236,23,0.4813
1046,237,23,0.6229
6949,237,23,0.4050
8573,237,23,0.2081
13677,237,23,0.6892
199,238,107,0.7514
6102,238,107,0.7564
7744,238,107,0.8035
10565,238,107,0.8147
12821,238,107,0.2483
13160,238,107,0.8063
15183,238,107,0.8152
15567,238,107,0.7703
15585,238,107,0.8227
286,235,23,0.9092
1410,235,23,0.9263
2609,235,23,0.9298
3438,235,23,0.9162
7633,235,23,0.8052
9829,235,23,0.7499
11562,235,23,0.9315
13299,235,23,0.9202
14658,235,23,0.9361
15045,235,23,0.9453
4012,236,23,0.5005
13577,236,23,0.8249
1773,237,23,0.4073
1990,237,23,0.4295
11699,237,23,0.6873
332,238,43,0.6385
991,238,43,0.8452
3594,238,43,0.9011
3949,238,43,0.8874
4025,238,43,0.8837
5889,238,43,0.8596
8067,238,43,0.6660
9433,238,43,0.6914
12405,238,43,0.3492
12769,238,43,0.7150
102,235,23,0.8578
1375,235,23,0.8031
5214,235,23,0.9296
7793,235,23,0.9421
9813,235,23,0.7693
9886,235,23,0.9376
11878,235,23,0.8538
12289,235,23,0.9484
13165,235,23,0.9001
14620,235,23,0.5621
10374,236,23,0.1934
10946,236,23,0.2475
510,237,23,0.5075
10537,237,23,0.8628
10989,237,23,0.3621
11848,237,23,0.7685
15338,237,23,0.7540
5069,238,17,0.8678
7046,238,17,0.9073
7593,238,17,0.9388
8340,238,17,0.6292
8382,238,17,0.9307
10865,238,17,0.7454
12290,238,17,0.9403
12897,238,17,0.8540
13610,238,17,0.9427
14994,238,17,0.9396
1017,235,23,0.8175
2624,235,23,0.8621
3106,235,23,0.7452
3741,235,23,0.9440
4080,235,23,0.9458
9619,235,23,0.9443
10130,235,23,0.9195
14009,235,23,0.9401
14280,235,23,0.7757
15318,235,23,0.6956
428,236,23,0.3278
2203,236,23,0.3535
11030,236,23,0.7228
12847,236,23,0.5186
737,237,23,0.4773
2367,237,23,0.2463
2587,237,23,0.7385
2600,237,23,0.2142
5131,237,23,0.6954
5237,237,23,0.7659
7592,237,23,0.2504
10461,237,23,0.5098
13667,237,23,0.7637
14216,237,23,0.1978
2721,238,17,0.6769
3415,238,17,0.5141
5341,238,17,0.8703
9787,238,17,0.9361
9922,238,17,0.8016
10483,238,17,0.9378
11939,238,17,0.3579
13093,238,17,0.3562
13872,238,17,0.7550
14706,238,17,0.9212
1292,235,23,0.9227
1516,235,23,0.7869
3426,235,23,0.7844
4247,235,23,0.9397
6347,235,23,0.9455
6625,235,23,0.9195
10084,235,23,0.8383
13437,235,23,0.9387
13598,235,23,0.6799
14227,235,23,0.9181
9315,236,23,0.5845
14822,236,23,0.8021
94,237,23,0.7839
1905,237,23,0.5240
3074,237,23,0.2107
3535,237,23,0.8034
5814,237,23,0.1913
6201,237,23,0.6087
8366,237,23,0.7885
9497,237,23,0.8024
14558,237,23,0.1966
14812,237,23,0.4676
420,238,17,0.1486
748,238,17,0.9300
799,238,17,0.9348
1383,238,17,0.7795
3852,238,17,0.9365
4179,238,17,0.0723
6936,238,17,0.7895
9959,238,17,0.9309
11815,238,17,0.7382
14468,238,17,0.7131
777,235,23,0.9426
3167,235,23,0.5031
5398,235,23,0.9244
6232,235,23,0.9083
9697,235,23,0.8701
10393,235,23,0.9447
11006,235,23,0.8212
11083,235,23,0.9456
13403,235,23,0.6576
15207,235,23,0.8840
12934,236,23,0.7566
14710,236,23,0.1248
2779,237,23,0.2787
3468,237,23,0.2403
4340,237,23,0.5623
4762,237,23,0.8411
8857,237,23,0.1756
9775,237,23,0.4363
9994,237,23,0.2507
10574,237,23,0.6996
12582,237,23,0.2579
13394,237,23,0.2841
621,238,17,0.7957
1249,238,17,0.9264
3771,238,17,0.9115
4809,238,17,0.9312
4911,238,17,0.9200
5655,238,17,0.4160
6004,238,17,0.8805
6744,238,17,0.8099
14979,238,17,0.8838
15231,238,17,0.6876
34,235,23,0.9346
2498,235,23,0.9440
3115,235,23,0.9053
4373,235,23,0.8464
4489,235,23,0.7350
6360,235,23,0.9404
9356,235,23,0.7288
9958,235,23,0.9403
13111,235,23,0.8976
13785,235,23,0.9461
2520,236,23,0.5466
6896,236,23,0.4903
1815,237,23,0.5632
4499,237,23,0.2356
7227,237,23,0.6833
8219,237,23,0.6574
8995,237,23,0.7608
9264,237,23,0.2370
11389,237,23,0.7901
13025,237,23,0.2473
13528,237,23,0.7484
15190,237,23,0.8094
10156,238,17,0.6245
15302,238,17,0.1951
2863,235,23,0.8432
3891,235,23,0.9430
5242,235,23,0.9094
5986,235,23,0.9454
9136,235,23,0.9318
9579,235,23,0.9413
10693,235,23,0.7187
10819,235,23,0.9287
12966,235,23,0.6342
12973,235,23,0.8588
1129,236,23,0.3551
4624,236,23,0.6881
1190,237,23,0.1937
2031,237,23,0.7681
2685,237,23,0.6025
4625,237,23,0.7968
5509,237,23,0.7837
6940,237,23,0.4018
9662,237,23,0.2260
9893,237,23,0.5377
13382,237,23,0.2846
13533,237,23,0.6824
881,238,17,0.5605
1966,238,17,0.5810
3012,238,17,0.8871
4308,238,17,0.5850
6150,238,17,0.9084
8288,238,17,0.9354
9593,238,17,0.2955
10667,238,17,0.8369
12575,238,17,0.9422
13074,238,17,0.4566
1197,235,23,0.4742
1809,235,23,0.4150
4623,235,23,0.6609
5269,235,23,0.6734
6468,235,23,0.1735
8631,235,23,0.2149
9284,235,23,0.2376
9709,235,23,0.4377
14405,235,23,0.7667
14563,235,23,0.8012
6664,236,23,0.7312
7410,236,23,0.5377
13498,236,23,0.7197
911,237,23,0.6268
2016,237,23,0.2947
2139,237,23,0.7699
5152,237,23,0.8302
7258,237,23,0.1452
7698,237,23,0.2235
9236,237,23,0.5208
10519,237,23,0.7810
10710,237,23,0.3460
14078,237,23,0.2858
768,238,17,0.8743
1051,238,17,0.4854
2833,238,17,0.9294
4547,238,17,0.9108
7699,238,17,0.9393
8725,238,17,0.5220
8818,238,17,0.7956
10925,238,17,0.9417
12416,238,17,0.9361
15319,238,17,0.7203
496,235,23,0.8046
2831,235,23,0.6856
3148,235,23,0.7987
8165,235,23,0.7868
8817,235,23,0.8027
10423,235,23,0.8096
11226,235,23,0.8123
11243,235,23,0.6804
11379,235,23,0.8031
14317,235,23,0.8127
3611,236,23,0.3219
6694,236,23,0.4122
57,237,23,0.7697
608,237,23,0.6659
2793,237,23,0.5393
3985,237,23,0.6280
4169,237,23,0.2895
6090,237,23,0.1653
6835,237,23,0.2548
9432,237,23,0.2670
13267,237,23,0.2096
15378,237,23,0.4439
1209,238,17,0.5033
3502,238,17,0.8830
4375,238,17,0.1106
5358,238,17,0.4345
9461,238,17,0.1189
9648,238,17,0.6665
10167,238,17,0.9249
11245,238,17,0.8713
11351,238,17,0.4263
15580,238,17,0.8691
688,235,23,0.7501
12168,235,23,0.7878
13224,235,23,0.6246
13237,235,23,0.6397
13494,235,23,0.5532
13817,235,23,0.5937
14027,235,23,0.7881
14152,235,23,0.7263
15160,235,23,0.7394
15514,235,23,0.7966
2037,236,23,0.7014
9102,236,23,0.7448
127,237,23,0.7257
2292,237,23,0.1596
3577,237,23,0.4611
4200,237,23,0.8395
7537,237,23,0.2495
7805,237,23,0.2157
10218,237,23,0.2093
10495,237,23,0.2647
13374,237,23,0.3942
14103,237,23,0.3946
4262,238,17,0.6960
5778,238,17,0.3798
8698,238,17,0.3823
9523,238,17,0.1956
13058,238,17,0.7721
13290,238,17,0.6041
13519,238,17,0.7915
13644,238,17,0.3808
15012,238,17,0.7204
15518,238,17,0.7376
4645,235,23,0.7540
4974,235,23,0.7950
5026,235,23,0.8074
5357,235,23,0.8130
5909,235,23,0.8104
6587,235,23,0.7937
9541,235,23,0.6139
9645,235,23,0.8053
10766,235,23,0.7977
15423,235,23,0.6885
3107,236,23,0.7109
14510,236,23,0.3675
990,237,23,0.5662
3501,237,23,0.3973
7382,237,23,0.2160
8804,237,23,0.3068
9252,237,23,0.3120
12085,237,23,0.1860
13972,237,23,0.5302
14050,237,23,0.3603
14139,237,23,0.6065
14491,237,23,0.8108
2569,238,93,0.6234
3515,238,93,0.8662
4157,238,93,0.7688
9703,238,93,0.7945
11339,238,93,0.2413
12784,238,93,0.7834
12906,238,93,0.7191
14394,238,93,0.7846
15586,238,93,0.8072
1511,235,23,0.6280
2339,235,23,0.7307
2638,235,23,0.8090
3303,235,23,0.8152
8327,235,23,0.6898
8339,235,23,0.8032
8764,235,23,0.6218
12173,235,23,0.6546
13198,235,23,0.6422
14190,235,23,0.7991
1718,236,23,0.3024
2663,236,23,0.4084
2920,236,23,0.5430
3414,236,23,0.5032
5590,236,23,0.9229
5950,236,23,0.5122
6550,236,23,0.9079
12158,236,23,0.8874
12423,236,23,0.8191
14115,236,23,0.9074
2302,237,23,0.3224
2386,237,23,0.5678
5125,237,23,0.3000
8049,237,23,0.3888
11896,237,23,0.3772
13148,237,23,0.8209
14043,237,23,0.3563
14532,237,23,0.7341
14951,237,23,0.2873
15572,237,23,0.7198
333,239,132,0.3282
3326,239,132,0.8663
3453,239,132,0.8933
4263,239,132,0.2930
4350,239,132,0.8406
4563,239,132,0.3806
4810,239,132,0.8966
5731,239,132,0.3832
8969,239,132,0.6086
14342,239,132,0.2618
607,235,23,0.7497
4591,235,23,0.7371
9171,235,23,0.7312
11871,235,23,0.7901
11992,235,23,0.6925
12269,235,23,0.6775
12637,235,23,0.7988
13212,235,23,0.7255
14542,235,23,0.6418
15511,235,23,0.7814
10621,236,23,0.3682
11287,236,23,0.4799
616,237,23,0.4635
2222,237,23,0.3491
2540,237,23,0.7088
4178,237,23,0.3405
4613,237,23,0.1990
5967,237,23,0.2204
10261,237,23,0.8060
10660,237,23,0.7536
11401,237,23,0.3921
13405,237,23,0.7985
200,239,132,0.6595
992,239,132,0.8886
1484,239,132,0.3932
1611,239,132,0.8857
2499,239,132,0.9144
13226,239,132,0.8959
14090,239,132,0.7080
14274,239,132,0.5547
15368,239,132,0.7324
15587,239,132,0.8725
385,235,23,0.6584
677,235,23,0.7759
812,235,23,0.6588
1534,235,23,0.7152
5297,235,23,0.7725
7064,235,23,0.8015
8980,235,23,0.8043
11434,235,23,0.7643
13408,235,23,0.7823
15420,235,23,0.8003
1647,236,23,0.3552
1827,236,23,0.1388
2909,236,23,0.8387
3541,236,23,0.9340
4339,236,23,0.9290
4822,236,23,0.9015
6781,236,23,0.9418
6988,236,23,0.8954
9873,236,23,0.9384
12935,237,23,0.3513
1673,239,132,0.8418
5272,239,132,0.4513
5988,239,132,0.8827
7265,239,132,0.7992
11543,239,132,0.7722
14155,239,132,0.7947
15195,239,132,0.8348
15537,239,132,0.7931
15588,239,132,0.4776
15589,239,132,0.8082
1481,235,23,0.2349
2818,235,23,0.6730
3476,235,23,0.8726
4959,235,23,0.7617
6929,235,23,0.3424
12978,235,23,0.8995
13676,235,23,0.9252
14393,235,23,0.5458
14496,235,23,0.8929
15516,235,23,0.7787
1500,236,23,0.9306
2126,236,23,0.7362
2512,236,23,0.4523
6208,236,23,0.9092
7264,236,23,0.8565
7354,236,23,0.1115
9212,236,23,0.8834
11882,236,23,0.4091
13400,236,23,0.9080
13666,236,23,0.8649
4888,237,132,0.6616
3129,239,23,0.4183
3961,239,23,0.6299
5407,239,23,0.9235
5584,239,23,0.9326
5771,239,23,0.9030
7194,239,23,0.7495
7483,239,23,0.8332
10229,239,23,0.9253
12857,239,23,0.9221
13578,239,23,0.9369
8,235,23,0.9426
182,235,23,0.9309
1253,235,23,0.9107
2975,235,23,0.9399
8268,235,23,0.6802
10863,235,23,0.8179
13871,235,23,0.8849
14294,235,23,0.9227
14697,235,23,0.7888
14957,235,23,0.6625
858,236,107,0.5408
2358,236,107,0.7006
4506,236,107,0.8044
5405,236,107,0.6310
8299,236,107,0.2617
8707,236,107,0.7981
9190,236,107,0.6329
9744,236,107,0.8001
10138,236,107,0.7758
11584,236,107,0.7722
4910,237,23,0.2247
4109,239,23,0.9378
4522,239,23,0.8225
7228,239,23,0.8641
8332,239,23,0.9360
9111,239,23,0.9414
9214,239,23,0.9444
10236,239,23,0.9256
14411,239,23,0.8148
14453,239,23,0.8765
15007,239,23,0.8374
2220,235,23,0.9409
3648,235,23,0.7053
4733,235,23,0.7402
8175,235,23,0.9366
10939,235,23,0.7350
13181,235,23,0.9336
13701,235,23,0.6175
15460,235,23,0.7734
15477,235,23,0.8574
15520,235,23,0.8328
5020,236,43,0.2961
5328,236,43,0.1576
6037,236,43,0.4921
6404,236,43,0.5409
11142,236,43,0.7532
11826,236,43,0.7895
11964,236,43,0.7821
12669,236,43,0.3003
14010,237,132,0.3589
3109,239,23,0.3929
3723,239,23,0.4327
4614,239,23,0.4661
5800,239,23,0.2094
8220,239,23,0.4841
9440,239,23,0.4753
11921,239,23,0.4440
12527,239,23,0.3537
15282,239,23,0.5460
15560,239,23,0.4024
1335,235,23,0.9417
3136,235,23,0.6290
5644,235,23,0.9076
5653,235,23,0.8318
6960,235,23,0.9441
8869,235,23,0.9008
9855,235,23,0.9024
11118,235,23,0.7740
13335,235,23,0.9406
14113,235,23,0.9450
7550,236,43,0.4807
7697,236,43,0.8900
9291,236,43,0.5186
10518,236,43,0.0818
10923,236,43,0.9148
11416,236,43,0.9014
13938,236,43,0.7758
14447,236,43,0.7486
8144,237,23,0.6888
13499,237,23,0.5521
10734,239,23,0.3837
15424,239,23,0.8626
1492,235,23,0.9470
1615,235,23,0.9026
4521,235,23,0.8518
5176,235,23,0.9403
11034,235,23,0.8809
12801,235,23,0.9194
13618,235,23,0.5855
14557,235,23,0.8640
15450,235,23,0.9462
15523,235,23,0.9054
3452,236,43,0.9118
10274,236,43,0.3215
11803,236,43,0.1706
12517,236,43,0.7778
12890,236,43,0.2164
13918,236,43,0.6473
14702,236,43,0.6190
7675,237,23,0.5147
8347,237,23,0.5651
1180,239,23,0.6285
1198,239,23,0.5350
2286,239,23,0.7376
4534,239,23,0.8650
8766,239,23,0.8962
11571,239,23,0.8116
11954,239,23,0.7159
13704,239,23,0.7325
14021,239,23,0.3190
15287,239,23,0.8088
3499,235,23,0.9253
4994,235,23,0.7099
6238,235,23,0.6681
6383,235,23,0.8111
7720,235,23,0.8293
8226,235,23,0.9271
8315,235,23,0.9404
13852,235,23,0.8484
14254,235,23,0.8449
14386,235,23,0.9466
2471,236,43,0.2833
7847,236,43,0.7955
9009,236,43,0.4095
10487,236,43,0.5285
10545,236,43,0.7325
13342,236,43,0.8423
954,237,132,0.6991
3189,237,132,0.3229
4316,237,132,0.4882
7396,237,132,0.5897
7581,237,132,0.2318
7957,237,132,0.7776
9418,237,132,0.2800
10554,237,132,0.1468
13300,237,132,0.8501
14038,237,132,0.4741
1681,239,23,0.5289
2794,239,23,0.5179
3943,239,23,0.5775
4950,239,23,0.8999
6222,239,23,0.9205
6437,239,23,0.8863
7163,239,23,0.9121
10157,239,23,0.5550
10584,239,23,0.8857
15048,239,23,0.7650
2233,235,23,0.8692
2662,235,23,0.9141
5846,235,23,0.9267
6537,235,23,0.8289
9021,235,23,0.8071
10493,235,23,0.9472
10893,235,23,0.8854
11931,235,23,0.9094
12895,235,23,0.9025
12917,235,23,0.9448
1724,236,43,0.6176
4123,236,43,0.7345
5119,236,43,0.8444
6871,236,43,0.6154
12334,236,43,0.5369
12561,236,43,0.0900
13734,236,43,0.8880
14057,236,43,0.7638
15308,236,43,0.5327
15550,236,43,0.7543
1624,237,23,0.0960
1854,237,23,0.3621
2323,237,23,0.7696
4490,237,23,0.7015
4919,237,23,0.7896
6499,237,23,0.2022
9213,237,23,0.7940
10609,237,23,0.7284
12686,237,23,0.7868
14783,237,23,0.7923
2768,239,23,0.3887
11768,239,23,0.4592
14635,239,23,0.7164
1082,235,23,0.2562
1597,235,23,0.4683
3528,235,23,0.5067
3673,235,23,0.7081
6164,235,23,0.7555
9314,235,23,0.7434
12056,235,23,0.2399
13123,235,23,0.8084
13322,235,23,0.1810
14591,235,23,0.2200
1610,236,43,0.8106
4580,236,43,0.7116
10494,236,43,0.1880
660,237,107,0.6533
4673,237,107,0.8001
6312,237,107,0.6440
7743,237,107,0.8033
8300,237,107,0.7004
8889,237,107,0.8024
12365,237,107,0.7456
14084,237,107,0.8179
15575,237,107,0.2176
15576,237,107,0.7863
2038,239,23,0.6025
10508,239,23,0.6260
10990,239,23,0.5187
12822,239,23,0.7594
14028,239,23,0.7662
921,235,23,0.4258
4063,235,23,0.7379
5050,235,23,0.4714
5114,235,23,0.5741
6834,235,23,0.7929
7326,235,23,0.6894
7404,235,23,0.6454
7426,235,23,0.7753
9901,235,23,0.7078
10184,235,23,0.7083
3837,236,43,0.6502
6854,236,43,0.2529
8604,236,43,0.7385
8899,236,43,0.7524
10682,236,43,0.7839
68,237,107,0.7375
1179,237,107,0.7441
5563,237,107,0.5593
4637,239,23,0.5713
14116,239,23,0.7466
988,235,23,0.6546
1839,235,23,0.2218
1869,235,23,0.6709
4514,235,23,0.2179
4602,235,23,0.5650
6761,235,23,0.6590
10583,235,23,0.5700
12178,235,23,0.5793
14210,235,23,0.5234
14821,235,23,0.6445
1800,236,43,0.5820
4863,236,43,0.7819
5037,236,43,0.7854
6454,236,43,0.7784
6518,236,43,0.3155
8963,236,43,0.8728
10507,236,43,0.9000
13609,236,43,0.8998
14266,236,43,0.7448
15551,236,43,0.2575
277,237,107,0.5207
5169,237,107,0.7829
5624,237,107,0.2244
6436,237,107,0.7909
7202,237,107,0.8066
7307,237,107,0.5420
9414,237,107,0.7601
9945,237,107,0.7960
10072,237,107,0.7803
10546,237,107,0.2780
3656,239,23,0.3766
12555,239,23,0.8757
2242,235,23,0.6232
3755,235,23,0.7556
4631,235,23,0.7974
4847,235,23,0.7487
5104,235,23,0.7895
5678,235,23,0.2307
8355,235,23,0.6230
8374,235,23,0.2161
9189,235,23,0.4070
14530,235,23,0.4967
4532,236,17,0.9100
4672,236,17,0.4588
5770,236,17,0.7762
6902,236,17,0.9329
7674,236,17,0.0844
12222,236,17,0.0711
13907,236,17,0.5442
1758,237,107,0.7706
3205,237,107,0.9010
3359,237,107,0.8399
4546,237,107,0.7637
6685,237,107,0.8032
8533,237,107,0.7294
8786,237,107,0.7788
9778,237,107,0.4298
10362,237,107,0.5234
1719,239,23,0.7115
6209,239,23,0.7478
13328,239,23,0.8464
1247,235,23,0.6590
3005,235,23,0.7356
7696,235,23,0.7028
8010,235,23,0.7936
9590,235,23,0.7949
12807,235,23,0.8038
14973,235,23,0.7975
15336,235,23,0.8089
15377,235,23,0.8006
15443,235,23,0.8114
5940,236,17,0.7892
7014,236,17,0.7782
15062,236,17,0.6396
2748,237,43,0.8717
2963,237,43,0.8625
4099,237,43,0.8862
6595,237,43,0.6068
8492,237,43,0.4472
8530,237,43,0.7369
9059,237,43,0.6960
11150,237,43,0.6778
14789,237,43,0.8738
14943,237,43,0.6457
1633,239,23,0.4823
6071,239,23,0.6968
659,235,23,0.7378
1573,235,23,0.6255
6528,235,23,0.7920
7091,235,23,0.8052
8114,235,23,0.8062
8248,235,23,0.8079
9720,235,23,0.8114
12587,235,23,0.8107
13480,235,23,0.6933
14171,235,23,0.8024
5619,236,17,0.7407
9735,236,17,0.7712
830,237,43,0.6092
5503,237,43,0.8626
6634,237,43,0.7908
8166,237,43,0.4123
10560,237,43,0.7394
12643,237,43,0.8127
13625,237,43,0.7031
13894,237,43,0.7873
14400,237,43,0.8184
15577,237,43,0.7392
2713,239,23,0.7257
14640,239,23,0.8031
15255,239,23,0.4205
906,235,23,0.7554
5036,235,23,0.7918
5124,235,23,0.2150
6844,235,23,0.2191
6882,235,23,0.4960
9511,235,23,0.2165
10062,235,23,0.6073
13087,235,23,0.7081
13207,235,23,0.6317
15524,235,23,0.3435
126,236,17,0.7947
14358,236,17,0.6260
15293,236,17,0.7204
15552,236,17,0.7895
15554,236,17,0.0636
939,237,43,0.8135
1083,237,43,0.3500
4562,237,43,0.7409
4721,237,43,0.5808
4833,237,43,0.6147
5831,237,43,0.8056
6408,237,43,0.6658
7878,237,43,0.8077
11277,237,43,0.4906
14869,237,43,0.7904
3831,239,23,0.6507
12968,239,23,0.7466
356,235,23,0.4862
2871,235,23,0.2762
2994,235,23,0.2116
3934,235,23,0.6980
5930,235,23,0.2077
5949,235,23,0.2133
9681,235,23,0.2125
10367,235,23,0.7431
10608,235,23,0.3723
14133,235,23,0.7028
5698,236,17,0.2753
14654,236,17,0.2188
1483,237,43,0.2433
1588,237,43,0.3672
1886,237,43,0.7786
4533,237,43,0.7965
8752,237,43,0.8004
11013,237,43,0.1911
11973,237,43,0.6366
12652,237,43,0.7072
12768,237,43,0.7799
13693,237,43,0.7681
532,239,23,0.3832
1649,239,23,0.6682
1967,239,23,0.6602
10640,239,23,0.7836
11380,239,23,0.7468
14322,239,23,0.6484
15122,239,23,0.7709
853,235,23,0.4109
1646,235,23,0.4081
2284,235,23,0.0998
3912,235,23,0.1057
4531,235,23,0.9210
9158,235,23,0.6700
11478,235,23,0.1427
13581,235,23,0.9318
13766,235,23,0.9204
14815,235,23,0.8533
9357,236,17,0.2994
15106,236,17,0.3267
7026,237,43,0.5756
12147,237,43,0.7906
12664,237,43,0.8168
7149,239,23,0.5529
11239,239,23,0.7146
2645,235,23,0.3012
4211,235,23,0.1265
6564,235,23,0.5329
7473,235,23,0.6022
9571,235,23,0.8767
10748,235,23,0.2728
11111,235,23,0.5089
11373,235,23,0.6149
13508,235,23,0.3640
14486,235,23,0.8550
12731,236,43,0.7268
288,237,43,0.6643
1731,237,43,0.7609
2921,237,43,0.7924
3068,237,43,0.8113
5298,237,43,0.2919
5493,237,43,0.8104
6731,237,43,0.7498
10211,237,43,0.7543
12193,237,43,0.7774
15170,237,43,0.7383
3075,239,23,0.7156
5089,239,23,0.3067
5096,239,23,0.7083
5143,239,23,0.8454
8664,239,23,0.8501
11816,239,23,0.2769
13632,239,23,0.8766
13798,239,23,0.6912
14511,239,23,0.5687
14756,239,23,0.8082
630,235,23,0.6796
4561,235,23,0.2946
4671,235,23,0.1970
4897,235,23,0.2737
7673,235,23,0.5490
7758,235,23,0.2488
8584,235,23,0.3101
8751,235,23,0.6293
9211,235,23,0.6828
14351,235,23,0.6613
1311,236,17,0.7567
1459,236,17,0.3030
5001,236,17,0.5972
5609,236,17,0.4884
8346,236,17,0.4090
9690,236,17,0.2070
11715,236,17,0.6373
13147,236,17,0.4263
14367,236,17,0.7730
15047,236,17,0.8105
166,237,43,0.7654
6258,237,43,0.8003
6455,237,43,0.8693
6791,237,43,0.6877
7065,237,43,0.7843
7930,237,43,0.7723
8427,237,43,0.2189
9027,237,43,0.8157
10085,237,43,0.7874
14424,237,43,0.2693
2865,239,23,0.4209
4681,239,23,0.5990
4756,239,23,0.6600
6878,239,23,0.7853
7648,239,23,0.3871
10806,239,23,0.7948
11374,239,23,0.1925
13767,239,23,0.7568
13919,239,23,0.7212
14245,239,23,0.7184
439,235,23,0.2993
2015,235,23,0.8005
6742,235,23,0.7793
6935,235,23,0.7907
10517,235,23,0.7050
11912,235,23,0.7785
12462,235,23,0.8046
12721,235,23,0.8092
3523,236,17,0.5381
12104,236,17,0.2027
903,237,17,0.7460
944,237,17,0.7590
3217,237,17,0.2761
4286,237,17,0.1887
5547,237,17,0.2478
7108,237,17,0.5847
12455,237,17,0.4206
12566,237,17,0.6984
13102,237,17,0.7923
13156,237,17,0.4780
4039,239,23,0.9110
4960,239,23,0.8726
5016,239,23,0.0808
6191,239,23,0.9229
9285,239,23,0.9307
10880,239,23,0.9399
13895,239,23,0.2476
14796,239,23,0.9250
14926,239,23,0.7217
14995,239,23,0.8351
2061,235,23,0.7917
8672,235,23,0.7982
11237,235,23,0.7367
14357,235,23,0.7860
12233,236,17,0.5520
12853,236,17,0.1248
13643,236,17,0.7502
184,237,17,0.7876
3795,237,17,0.7489
3942,237,17,0.2781
4987,237,17,0.7845
5250,237,17,0.7919
6714,237,17,0.6377
8328,237,17,0.4754
9592,237,17,0.7817
10474,237,17,0.8135
13703,237,17,0.8178
407,239,23,0.8544
3218,239,23,0.7962
5785,239,23,0.2161
6443,239,23,0.7653
9663,239,23,0.7093
12313,239,23,0.4740
14373,239,23,0.6976
2036,235,23,0.6855
6376,235,23,0.7581
13369,235,23,0.7895
3232,236,17,0.3888
8790,236,17,0.5199
9551,236,17,0.5500
5713,237,17,0.7973
12794,237,17,0.8073
4582,239,23,0.7499
5191,239,23,0.2114
15509,239,23,0.2152
5349,235,23,0.2927
9750,235,23,0.5372
12422,235,23,0.7389
12466,235,23,0.9161
13284,235,23,0.8831
14862,235,23,0.9211
2595,236,17,0.8003
3421,236,17,0.4062
5977,236,17,0.3801
7170,236,17,0.8140
7804,236,17,0.0886
13056,236,17,0.6595
1223,237,17,0.8344
1700,237,17,0.8959
7084,237,17,0.5482
8842,237,17,0.9026
13718,237,17,0.7375
14948,237,17,0.4325
15070,237,17,0.9192
15323,237,17,0.9392
15502,237,17,0.9155
15517,237,17,0.7483
4158,239,23,0.2160
6782,239,23,0.7344
943,235,23,0.6830
5062,235,23,0.7682
14514,235,23,0.7370
14785,235,23,0.6151
2803,236,17,0.2272
4545,236,17,0.4803
5542,236,17,0.2431
7997,236,17,0.7795
9774,236,17,0.7726
12317,236,17,0.1282
12949,236,17,0.8760
14721,236,17,0.7121
15151,236,17,0.4392
4995,237,17,0.5539
1932,239,23,0.7298
2443,239,23,0.4962
3376,239,23,0.7363
3595,239,23,0.8251
6798,239,23,0.5845
7613,239,23,0.7881
8600,239,23,0.7127
12482,239,23,0.4583
12607,239,23,0.7253
15314,239,23,0.7904
2812,235,23,0.7696
4754,235,23,0.8562
5572,235,23,0.9112
5583,235,23,0.9009
6895,235,23,0.5910
8949,235,23,0.4546
12146,235,23,0.2046
12550,235,23,0.6844
12889,235,23,0.1925
15354,235,23,0.8081
11661,236,17,0.2234
14352,236,17,0.1882
747,237,17,0.2900
1602,237,17,0.7243
2995,237,17,0.7780
4450,237,17,0.7476
6398,237,17,0.7950
10030,237,17,0.6117
12300,237,17,0.7537
13252,237,17,0.7018
14418,237,17,0.7921
14804,237,17,0.6913
1003,239,107,0.2669
1898,239,107,0.6875
9335,239,107,0.8074
10375,239,107,0.5270
10688,239,107,0.5731
10767,239,107,0.2321
12068,239,107,0.2845
15309,239,107,0.5108
15475,239,107,0.7102
15590,239,107,0.5956
1762,235,23,0.5357
2322,235,23,0.6748
5632,235,23,0.8975
7245,235,23,0.9293
8365,235,23,0.6547
11510,235,23,0.8393
12659,235,23,0.9409
14832,235,23,0.9197
15204,235,23,0.9247
15528,235,23,0.8401
257,236,17,0.6854
2168,236,17,0.8190
2435,236,17,0.8364
10131,236,17,0.7856
10482,236,17,0.9385
11691,236,17,0.9145
12246,236,17,0.0534
13225,236,17,0.9376
14215,236,17,0.9442
15091,236,17,0.9297
3899,237,17,0.2089
5574,237,17,0.5252
5660,237,17,0.6890
6042,237,17,0.7847
6165,237,17,0.6801
8200,237,17,0.4083
8765,237,17,0.7073
12536,237,17,0.7473
13278,237,17,0.8088
15208,237,17,0.4245
4081,239,107,0.8152
4553,239,107,0.7234
6038,239,107,0.7589
7056,239,107,0.8754
11795,239,107,0.6198
12001,239,107,0.8162
12440,239,107,0.7161
12498,239,107,0.7496
15226,239,107,0.2447
15471,239,107,0.7021
323,235,23,0.1989
4087,235,23,0.1072
5008,235,23,0.6609
6684,235,23,0.4575
7125,235,23,0.7418
8514,235,23,0.8087
10599,235,23,0.7668
11312,235,23,0.7474
11731,235,23,0.5727
14639,235,23,0.6887
3358,236,17,0.0732
13357,236,17,0.9023
13692,236,17,0.8980
1217,237,17,0.8144
1248,237,17,0.8401
1935,237,17,0.8536
2847,237,17,0.4668
5808,237,17,0.7286
7824,237,17,0.8824
9221,237,17,0.5608
10864,237,17,0.6425
11993,237,17,0.8548
14763,237,17,0.7132
8586,239,43,0.1505
10966,239,43,0.2705
11988,239,43,0.7221
15591,239,43,0.7704
1156,235,23,0.2188
1623,235,23,0.5070
2470,235,23,0.2334
6453,235,23,0.7251
7803,235,23,0.8645
8803,235,23,0.2845
10259,235,23,0.4384
13251,235,23,0.8915
13475,235,23,0.8404
15068,235,23,0.9393
1354,236,17,0.6690
9795,236,17,0.7573
12696,236,17,0.7797
8776,237,17,0.7839
2728,239,43,0.7461
5656,239,43,0.4188
8367,239,43,0.4878
8811,239,43,0.8843
12432,239,43,0.7709
12770,239,43,0.3430
13149,239,43,0.8556
13395,239,43,0.2701
14387,239,43,0.8455
15129,239,43,0.5196
555,235,23,0.0914
890,235,23,0.4294
2396,235,23,0.3850
2423,235,23,0.6896
3769,235,23,0.3932
4870,235,23,0.8065
7180,235,23,0.7997
9321,235,23,0.6462
10459,235,23,0.7869
15365,235,23,0.7925
13702,236,17,0.2878
15559,236,17,0.4595
1033,237,17,0.7521
1376,237,17,0.2273
5822,237,17,0.7894
6578,237,17,0.7279
6641,237,17,0.2578
7092,237,17,0.7683
8795,237,17,0.6966
8870,237,17,0.6140
12270,237,17,0.3824
14368,237,17,0.7592
2368,239,43,0.7904
7841,239,43,0.9087
7937,239,43,0.3968
9751,239,43,0.6747
10318,239,43,0.4326
10525,239,43,0.7939
10538,239,43,0.9354
14271,239,43,0.5275
14577,239,43,0.2981
15534,239,43,0.7171
125,235,23,0.3503
5404,235,23,0.6204
5888,235,23,0.5983
5959,235,23,0.4969
10250,235,23,0.2371
10273,235,23,0.3119
12630,235,23,0.7179
13064,235,23,0.6541
13665,235,23,0.9131
14306,235,23,0.7096
6912,236,17,0.7397
7733,236,17,0.2374
13327,236,17,0.3311
1106,237,17,0.1970
1658,237,17,0.3574
3097,237,17,0.2360
3390,237,17,0.1738
3868,237,17,0.7363
4872,237,17,0.4038
7427,237,17,0.1275
10357,237,17,0.8628
13306,237,17,0.0754
15579,237,17,0.9116
831,239,43,0.8906
1828,239,43,0.9154
3758,239,43,0.8710
5876,239,43,0.9172
10031,239,43,0.9256
11662,239,43,0.4093
12366,239,43,0.2644
13846,239,43,0.5875
14129,239,43,0.8391
15592,239,43,0.6909
4154,235,23,0.9267
6442,235,23,0.9419
6804,235,23,0.8834
9377,235,23,0.9397
9471,235,23,0.7326
10473,235,23,0.7541
11516,235,23,0.9392
11944,235,23,0.9361
14978,235,23,0.9408
14987,235,23,0.9429
1482,236,17,0.7147
2428,236,17,0.8027
3500,236,17,0.7291
5729,236,17,0.5380
7975,236,17,0.3125
9322,236,17,0.1096
10714,236,17,0.8733
14682,236,17,0.9113
373,237,17,0.2736
3344,237,17,0.2865
3770,237,17,0.2221
4703,237,17,0.1695
8040,237,17,0.2331
9010,237,17,0.4265
11517,237,17,0.2347
13050,237,17,0.8011
14520,237,17,0.1837
15506,237,17,0.8144
1210,239,43,0.6593
2639,239,43,0.5052
3543,239,43,0.8887
6399,239,43,0.3208
10102,239,43,0.7720
10187,239,43,0.7992
10308,239,43,0.7368
11822,239,43,0.7016
13192,239,43,0.3313
14668,239,43,0.5649
463,235,23,0.7756
3635,235,23,0.9085
10615,235,23,0.2388
15220,235,23,0.6097
3149,236,17,0.7533
3241,236,17,0.7741
7516,236,17,0.7937
13553,236,17,0.7554
13774,236,17,0.2108
14769,236,17,0.2795
15406,236,17,0.6504
1474,237,17,0.8013
1493,237,17,0.4342
1939,237,17,0.5118
2007,237,17,0.7856
3948,237,17,0.3886
4472,237,17,0.7782
5083,237,17,0.8000
7405,237,17,0.4193
8618,237,17,0.7894
9404,237,17,0.8096
172,239,43,0.3106
2804,239,43,0.7968
9536,239,43,0.7993
10437,239,43,0.8185
13103,239,43,0.2243
4544,235,23,0.7540
6082,235,23,0.8378
6317,235,23,0.8965
10049,235,23,0.7589
10630,235,23,0.9326
10673,235,23,0.4610
12137,235,23,0.9020
12702,235,23,0.9436
14221,235,23,0.8220
15413,235,23,0.8792
4975,236,17,0.6616
6115,236,17,0.7276
3514,237,17,0.5889
4096,237,17,0.7949
5315,237,17,0.8027
6050,237,17,0.1961
7625,237,17,0.7941
10186,237,17,0.5142
10616,237,17,0.7541
12697,237,17,0.8056
14099,237,17,0.2142
15525,237,17,0.7078
679,239,43,0.3010
1659,239,43,0.7017
4100,239,43,0.7667
4213,239,43,0.8143
6847,239,43,0.6498
8209,239,43,0.7948
9503,239,43,0.7457
11540,239,43,0.7427
13383,239,43,0.6005
1452,235,23,0.1006
3268,235,23,0.3920
3817,235,23,0.2691
5813,235,23,0.6284
9982,235,23,0.1481
12217,235,23,0.3108
12985,235,23,0.5006
13362,235,23,0.8068
14340,235,23,0.7911
15061,235,23,0.8043
276,236,17,0.3449
1390,236,17,0.7566
1960,236,17,0.8643
6361,236,17,0.8856
8208,236,17,0.2372
10820,236,17,0.8626
11780,236,17,0.6256
12202,236,17,0.8443
14239,236,17,0.7571
15562,236,17,0.9389
1862,237,17,0.3600
2568,237,17,0.3434
3157,237,17,0.7868
3757,237,17,0.7135
5271,237,17,0.7875
5730,237,17,0.7887
6877,237,17,0.7871
7411,237,17,0.5928
11265,237,17,0.7957
11627,237,17,0.3612
2646,239,43,0.6763
4926,239,43,0.2715
5329,239,43,0.8704
6327,239,43,0.9238
6471,239,43,0.9384
8925,239,43,0.6291
9389,239,43,0.8771
9398,239,43,0.7424
12907,239,43,0.3120
13477,239,43,0.7077
2414,235,107,0.5221
5249,235,107,0.3998
6189,235,107,0.6225
6301,235,107,0.5479
7215,235,107,0.8971
7527,235,107,0.3519
7726,235,107,0.6751
8457,235,107,0.4910
11656,235,107,0.3191
15464,235,107,0.5828
481,236,17,0.3046
14735,236,17,0.4396
1254,237,17,0.6465
2127,237,17,0.5710
3108,237,17,0.2016
3558,237,17,0.6836
5215,237,17,0.2710
10013,237,17,0.2987
13343,237,17,0.8561
13998,237,17,0.3410
15118,237,17,0.2593
15553,237,17,0.5801
1975,239,17,0.9347
1980,239,17,0.9354
2198,239,17,0.9424
5917,239,17,0.9375
6333,239,17,0.9449
6608,239,17,0.9454
8685,239,17,0.9333
10496,239,17,0.9412
14204,239,17,0.8928
14683,239,17,0.9372
18,235,107,0.5814
717,235,107,0.9187
7599,235,107,0.7687
8904,235,107,0.7406
8942,235,107,0.6550
11900,235,107,0.8390
13244,235,107,0.5315
14743,235,107,0.8692
15446,235,107,0.5188
15530,235,107,0.7764
296,236,17,0.2635
5987,236,17,0.2717
297,237,17,0.3029
1041,237,17,0.3446
1424,237,17,0.1627
2243,237,17,0.0810
3693,237,17,0.5522
4038,237,17,0.0959
5009,237,17,0.3998
9931,237,17,0.0885
10749,237,17,0.2661
13981,237,17,0.6590
1763,239,17,0.9174
2023,239,17,0.9135
4840,239,17,0.8001
5610,239,17,0.2716
10200,239,17,0.9143
10902,239,17,0.8396
12833,239,17,0.8727
13758,239,17,0.7765
13901,239,17,0.9284
14134,239,17,0.9137
7155,235,107,0.7912
7877,235,107,0.5288
8911,235,107,0.9280
10383,235,107,0.6721
12428,235,107,0.6360
12734,235,107,0.6038
14811,235,107,0.8958
15187,235,107,0.8527
15531,235,107,0.5626
15532,235,107,0.5599
1748,236,17,0.6965
12839,236,17,0.7600
1355,237,17,0.2608
5406,237,17,0.1471
5640,237,17,0.3397
7337,237,17,0.7310
7966,237,17,0.3258
8115,237,17,0.7786
8499,237,17,0.2504
9191,237,17,0.5187
10235,237,17,0.2330
12840,237,17,0.8102
3391,239,17,0.9383
5679,239,17,0.5289
6288,239,17,0.5122
7421,239,17,0.8894
7454,239,17,0.9081
7931,239,17,0.5968
9894,239,17,0.3011
9960,239,17,0.9077
12188,239,17,0.8591
13776,239,17,0.2536
3082,235,107,0.9242
6606,235,107,0.9236
11709,235,107,0.9016
14259,235,107,0.2480
14903,235,107,0.6391
15533,235,107,0.6269
15535,235,107,0.7429
15536,235,107,0.7979
15538,235,107,0.7989
12599,236,43,0.2163
2492,237,17,0.5109
4773,237,17,0.2265
5120,237,17,0.1460
7216,237,17,0.1754
7954,237,17,0.5183
9647,237,17,0.1995
12179,237,17,0.5842
14154,237,17,0.5243
14667,237,17,0.6364
15414,237,17,0.2220
503,239,17,0.3483
4744,239,17,0.7012
6371,239,17,0.8528
6913,239,17,0.7793
9933,239,17,0.7860
10340,239,17,0.8200
11077,239,17,0.8670
11340,239,17,0.4483
12871,239,17,0.8874
14523,239,17,0.8893
3258,235,43,0.4538
4832,235,43,0.5230
5313,235,43,0.7156
6101,235,43,0.7732
7591,235,43,0.7419
9977,235,43,0.8062
10307,235,43,0.7923
12072,235,43,0.4707
12862,235,43,0.2089
15539,235,43,0.8111
11129,236,17,0.7117
11264,236,17,0.7196
620,237,17,0.7400
922,237,17,0.5504
2854,237,17,0.7333
3295,237,17,0.7972
9022,237,17,0.1935
1028,239,17,0.5140
1391,239,17,0.8066
1625,239,17,0.8290
3914,239,17,0.1741
8068,239,17,0.3443
8657,239,17,0.8067
15573,239,17,0.4781
250,235,17,0.6886
1826,235,17,0.8708
2594,235,17,0.9086
2703,235,17,0.9118
4579,235,17,0.6853
4941,235,17,0.8813
6818,235,17,0.8439
11326,235,17,0.8063
15037,235,17,0.4935
15215,235,17,0.3900
4055,236,17,0.3294
4413,236,17,0.6850
8932,236,17,0.1466
9367,236,17,0.9177
520,237,17,0.3630
1280,237,17,0.2269
2503,237,17,0.1534
3819,237,17,0.3363
4507,237,17,0.2003
4581,237,17,0.7735
7463,237,17,0.6732
11175,237,17,0.7520
12051,237,17,0.2189
13348,237,17,0.5665
421,239,17,0.2527
749,239,17,0.9197
3621,239,17,0.6457
4003,239,17,0.9008
8633,239,17,0.8688
10520,239,17,0.8744
10631,239,17,0.8372
11503,239,17,0.6851
12923,239,17,0.7955
13588,239,17,0.3734
2077,235,17,0.9055
2291,235,17,0.9079
3866,235,17,0.8372
8139,235,17,0.5041
8855,235,17,0.9173
8931,235,17,0.8988
9109,235,17,0.9243
11428,235,17,0.8352
12481,235,17,0.1325
13531,235,17,0.8724
1216,236,17,0.2198
3343,236,17,0.6713
9147,236,17,0.4934
11767,236,17,0.7419
14569,236,17,0.7859
2049,237,17,0.7943
4647,237,17,0.4563
7072,237,17,0.6135
8056,237,17,0.2962
9172,237,17,0.7405
10970,237,17,0.3436
12037,237,17,0.6854
13191,237,17,0.7659
14506,237,17,0.7986
15063,237,17,0.8021
1224,239,17,0.8561
3345,239,17,0.6966
4341,239,17,0.8424
4704,239,17,0.9069
4829,239,17,0.8831
11176,239,17,0.0827
207,235,17,0.1998
12404,235,17,0.4882
1657,236,17,0.7283
3620,236,17,0.4776
8507,236,17,0.7879
9661,236,17,0.7880
10091,236,17,0.7893
13404,236,17,0.7669
14786,236,17,0.4582
15038,236,17,0.7519
1001,237,17,0.5299
3477,237,17,0.8515
3935,237,17,0.8973
7274,237,17,0.8880
7283,237,17,0.4970
7319,237,17,0.9230
8827,237,17,0.9376
9123,237,17,0.9401
13912,237,17,0.9374
14015,237,17,0.9377
4724,239,17,0.5649
8487,239,17,0.2509
10782,239,17,0.3093
2463,235,17,0.7383
4784,235,17,0.3252
6296,235,17,0.2453
2110,236,17,0.1671
13476,236,17,0.4632
14138,236,17,0.5004
541,237,17,0.2302
3722,237,17,0.6400
4302,237,17,0.8083
7030,237,17,0.8746
10339,237,17,0.8130
11120,237,17,0.7803
11483,237,17,0.8051
13057,237,17,0.8122
13238,237,17,0.5122
3276,239,17,0.1794
8159,239,17,0.7452
4828,235,17,0.2098
13101,235,17,0.3971
2561,236,17,0.2015
6083,236,17,0.8441
9542,236,17,0.1579
9646,236,17,0.2421
14727,236,17,0.6929
931,237,93,0.7403
5381,237,93,0.1923
5838,237,93,0.5313
6989,237,93,0.6893
7686,237,93,0.2237
9003,237,93,0.7626
9268,237,93,0.7355
12447,237,93,0.2533
12881,237,93,0.7705
15286,237,93,0.1949
579,239,17,0.7221
1130,239,17,0.4249
4834,239,17,0.2520
5443,239,17,0.6611
5477,239,17,0.8072
10414,239,17,0.2177
10796,239,17,0.7064
13982,239,17,0.7214
2087,235,17,0.5329
3576,235,17,0.4758
9610,235,17,0.7867
11889,235,17,0.5514
1601,236,17,0.2676
3382,236,17,0.1784
3565,236,17,0.2840
6145,236,17,0.9175
12080,236,17,0.3805
12458,236,17,0.2677
232,237,93,0.3791
1784,237,93,0.1991
6003,237,93,0.5282
6797,237,93,0.7189
6846,237,93,0.2461
14312,237,93,0.7301
14582,237,93,0.7973
14843,237,93,0.8117
15164,237,93,0.8133
15582,237,93,0.8059
3402,239,17,0.2665
3704,239,17,0.6900
11162,239,17,0.2964
13977,239,17,0.7839
194,235,107,0.2463
1524,236,17,0.8218
2097,236,17,0.6248
4646,236,17,0.8793
6183,236,17,0.8190
8125,236,17,0.8927
10142,236,17,0.6236
10448,236,17,0.4614
11578,236,17,0.4943
14564,236,17,0.6048
15161,236,17,0.7214
268,237,93,0.1889
1793,237,93,0.3292
7862,237,93,0.7648
9670,237,93,0.6969
10625,237,93,0.7184
11188,237,93,0.2250
12247,237,93,0.2381
13488,237,93,0.7993
14195,237,93,0.5147
14256,237,93,0.7931
5467,239,17,0.2152
9452,239,17,0.6691
10681,235,17,0.2961
12186,235,17,0.1764
14605,235,17,0.6053
7920,236,17,0.1790
15337,236,17,0.3064
451,237,93,0.7990
7223,237,93,0.6045
12950,237,93,0.8107
8096,239,17,0.1963
8152,239,17,0.4049
433,235,17,0.4011
3413,235,17,0.7527
5000,235,17,0.7492
6492,235,17,0.7836
10149,235,17,0.8065
10832,235,17,0.8095
11642,235,17,0.2724
12870,235,17,0.5773
15032,235,17,0.4567
15285,235,17,0.7934
2249,236,17,0.4592
8131,236,17,0.3529
2359,237,93,0.2986
3036,237,93,0.7404
4935,237,93,0.2782
7475,237,93,0.2234
8624,237,93,0.8038
8704,237,93,0.7218
9077,237,93,0.7420
9978,237,93,0.8023
13932,237,93,0.8115
15301,237,93,0.5921
1169,239,17,0.6389
2069,239,17,0.7661
841,235,17,0.7745
1422,235,17,0.5672
1472,235,17,0.7753
2109,235,17,0.5776
7235,235,17,0.2185
7506,235,17,0.6533
7945,235,17,0.7075
8241,235,17,0.7735
13127,235,17,0.8109
14019,235,17,0.2862
7386,236,17,0.6690
13992,236,17,0.7590
1749,237,93,0.7872
2309,237,93,0.1906
3177,237,93,0.2760
10909,237,93,0.7568
11853,237,93,0.2250
11866,237,93,0.2675
12159,237,93,0.7553
12788,237,93,0.4721
15429,237,93,0.4066
15583,237,93,0.8051
2452,239,17,0.8282
5210,239,17,0.8942
6419,239,17,0.9052
6552,239,17,0.8447
6968,239,17,0.5156
10424,239,17,0.7303
13741,239,17,0.8341
13888,239,17,0.8476
14120,239,17,0.8164
14970,239,17,0.7703
2276,235,17,0.6401
2615,235,17,0.3366
4011,235,17,0.2490
4571,235,17,0.4804
5416,235,17,0.8385
9521,235,17,0.7698
12554,235,17,0.8406
13399,235,17,0.9162
14574,235,17,0.7140
14941,235,17,0.7187
1587,236,17,0.4116
3995,236,17,0.1696
12725,236,17,0.7647
12030,237,93,0.5453
12902,237,93,0.2195
14916,237,93,0.8014
5504,239,17,0.3506
10212,239,17,0.7679
2408,235,17,0.8502
3022,235,17,0.3825
3139,235,17,0.4609
6311,235,17,0.9128
6326,235,17,0.8893
6987,235,17,0.6207
7409,235,17,0.1335
9344,235,17,0.0715
11393,235,17,0.9242
13603,235,17,0.7933
324,236,17,0.4655
5784,236,17,0.7632
6255,236,17,0.2123
6762,236,17,0.4866
10063,237,17,0.3511
4456,239,17,0.7322
12997,239,17,0.6683
480,235,17,0.7862
1680,235,17,0.8572
3389,235,17,0.9461
4611,235,17,0.6490
5502,235,17,0.9294
7040,235,17,0.9392
7462,235,17,0.8546
12613,235,17,0.8965
14102,235,17,0.9447
14768,235,17,0.9473
1369,236,17,0.1947
2149,236,17,0.8770
3826,236,17,0.5239
6469,236,17,0.8896
6819,236,17,0.7542
9938,236,17,0.7396
10851,236,17,0.0996
13363,236,17,0.4989
4051,237,93,0.3146
6158,237,93,0.7543
6246,237,93,0.6309
8486,237,93,0.7870
9153,237,93,0.6681
11716,237,93,0.7678
11754,237,93,0.8102
11920,237,93,0.2018
12129,237,93,0.8082
13073,237,93,0.8125
13462,239,17,0.6690
13611,239,17,0.1878
2919,235,17,0.4765
3836,235,17,0.3332
4260,235,17,0.6096
9656,235,17,0.2578
9837,235,17,0.7672
11821,235,17,0.7516
13691,235,17,0.4014
14701,235,17,0.1997
14746,235,17,0.8006
15298,235,17,0.8228
2308,236,17,0.7575
5164,236,17,0.6943
11271,236,17,0.2939
14744,236,17,0.2387
171,237,93,0.5123
195,237,93,0.3172
5859,237,93,0.7853
6565,237,93,0.2204
11804,237,93,0.3937
12400,237,93,0.2143
14058,237,93,0.3488
14629,237,93,0.2432
5126,239,17,0.4094
5690,239,17,0.3103
6389,239,17,0.7551
6596,239,17,0.4673
8858,239,17,0.8829
9295,239,17,0.7306
9512,239,17,0.6841
9580,239,17,0.8403
9817,239,17,0.5988
11841,239,17,0.9043
758,235,17,0.6647
3522,235,17,0.8753
4948,235,17,0.9171
6511,235,17,0.7191
9235,235,17,0.6550
12245,235,17,0.8358
12280,235,17,0.8826
13276,235,17,0.8907
13631,235,17,0.9129
14452,235,17,0.7641
1931,236,17,0.2588
11191,236,17,0.5572
1919,237,93,0.2441
1955,237,93,0.7103
2374,237,93,0.8416
8585,237,93,0.8117
11112,237,93,0.5031
11492,237,93,0.2531
14863,237,93,0.2606
14867,237,93,0.8111
15478,237,93,0.7957
2054,239,17,0.2372
3612,239,17,0.0665
4270,239,17,0.9277
5575,239,17,0.9277
7508,239,17,0.9256
8418,239,17,0.9297
9763,239,17,0.6612
10245,239,17,0.9268
1050,235,17,0.5288
2531,235,17,0.8708
3794,235,17,0.4196
7569,235,17,0.1273
8186,235,17,0.7867
9937,235,17,0.7394
12123,235,17,0.2695
12191,235,17,0.4452
12706,235,17,0.6159
15440,235,17,0.7397
472,236,17,0.2773
1453,236,17,0.6747
10123,236,17,0.7719
4212,237,93,0.6496
4661,237,93,0.5150
5387,237,93,0.3537
5722,237,93,0.5260
7141,237,93,0.7844
8411,237,93,0.8029
11455,237,93,0.8162
11600,237,93,0.8198
14281,237,93,0.7614
819,239,17,0.8775
3416,239,17,0.6740
3422,239,17,0.4623
5484,239,17,0.2921
5591,239,17,0.9066
13668,239,17,0.9291
14770,239,17,0.9357
2125,235,17,0.5030
2951,235,17,0.2364
3091,235,17,0.7473
3812,235,17,0.7800
4856,235,17,0.7932
5433,235,17,0.2803
6487,235,17,0.5611
7647,235,17,0.4370
8985,235,17,0.4478
12391,235,17,0.5923
1073,236,17,0.2706
1473,236,17,0.6276
4848,236,17,0.7613
8485,236,17,0.7551
11174,236,17,0.7701
13373,236,17,0.1728
2971,237,43,0.1991
7491,237,43,0.2360
566,239,17,0.2386
2504,239,17,0.8938
3233,239,17,0.5375
3838,239,17,0.3080
4026,239,17,0.8534
4920,239,17,0.3447
6292,239,17,0.8248
6659,239,17,0.9379
11113,239,17,0.8591
14823,239,17,0.9401
1100,235,17,0.5934
3983,235,17,0.2806
5728,235,17,0.7409
7201,235,17,0.7719
9089,235,17,0.8332
9801,235,17,0.8188
11222,235,17,0.8652
12813,235,17,0.9142
12954,235,17,0.9228
15253,235,17,0.5058
6121,236,17,0.7161
8227,236,17,0.7321
12343,236,17,0.1384
13708,237,43,0.2586
14888,237,43,0.7824
511,239,17,0.8522
1010,239,17,0.9145
1440,239,17,0.9292
1870,239,17,0.9393
9824,239,17,0.3536
10705,239,17,0.8617
11130,239,17,0.4689
11711,239,17,0.9136
12248,239,17,0.9334
14196,239,17,0.8205
406,235,17,0.8199
1128,235,17,0.6007
3882,235,17,0.8952
5140,235,17,0.9340
5748,235,17,0.8944
11686,235,17,0.8872
15150,235,17,0.5524
15223,235,17,0.9025
15278,235,17,0.8089
15540,235,17,0.8525
5645,236,17,0.1561
11461,236,17,0.6281
359,239,17,0.5771
1554,239,17,0.4751
4224,239,17,0.7789
4435,239,17,0.9207
6665,239,17,0.7277
9914,239,17,0.1934
11182,239,17,0.9262
13626,239,17,0.7633
14223,239,17,0.8599
15593,239,17,0.9265
173,240,132,0.7828
497,240,132,0.3681
2453,240,132,0.7518
3244,240,132,0.5943
3536,240,132,0.7790
4013,240,132,0.2185
7834,240,132,0.7561
10070,240,132,0.7564
14917,240,132,0.7914
15085,240,132,0.7778
2511,235,17,0.6643
3733,235,17,0.1849
8962,235,17,0.0602
4792,236,17,0.2891
5366,236,17,0.7513
11482,236,17,0.2106
854,239,17,0.4377
1312,239,17,0.8807
3296,239,17,0.7157
6151,239,17,0.7976
2795,240,132,0.3695
3206,240,132,0.8056
4201,240,132,0.6504
6635,240,132,0.8051
6914,240,132,0.7989
7998,240,132,0.8167
8522,240,132,0.8189
11598,240,132,0.8172
13232,240,132,0.8195
15597,240,132,0.7904
1656,235,17,0.2696
3466,235,17,0.3684
4327,235,17,0.7735
7083,235,17,0.7708
8484,235,17,0.1990
8840,235,17,0.4720
11065,235,17,0.7957
12651,235,17,0.8007
13393,235,17,0.8104
13470,235,17,0.6502
6700,236,17,0.3873
15564,236,17,0.1565
1539,239,17,0.8035
2548,239,17,0.8783
4287,239,17,0.9038
5882,239,17,0.9230
6686,239,17,0.8842
7346,239,17,0.9357
9802,239,17,0.9106
10305,239,17,0.5324
11090,239,17,0.5872
15013,239,17,0.9064
457,240,23,0.6540
4056,240,23,0.2331
4451,240,23,0.6259
7073,240,23,0.8849
8333,240,23,0.9239
9162,240,23,0.7763
10376,240,23,0.9387
11469,240,23,0.8983
14980,240,23,0.9444
15599,240,23,0.2108
1860,235,17,0.5854
2984,235,17,0.3982
5458,235,17,0.7988
6016,235,17,0.8033
6254,235,17,0.1890
8261,235,17,0.6831
8561,235,17,0.7849
11044,235,17,0.7892
12961,235,17,0.8094
15189,235,17,0.8100
3625,236,17,0.6773
6730,236,17,0.4052
88,239,17,0.7114
2223,239,17,0.9287
4407,239,17,0.9307
5931,239,17,0.0630
11212,239,17,0.0688
11564,239,17,0.8772
11579,239,17,0.3705
13066,239,17,0.6482
13540,239,17,0.8624
15152,239,17,0.4917
2163,240,23,0.9408
2250,240,23,0.0989
4392,240,23,0.8655
4480,240,23,0.9419
6732,240,23,0.8472
6763,240,23,0.9315
8508,240,23,0.5833
12257,240,23,0.9335
14641,240,23,0.9432
15256,240,23,0.8271
784,235,17,0.4444
1586,235,17,0.7712
2068,235,17,0.2006
6200,235,17,0.2635
6434,235,17,0.1360
7290,235,17,0.4926
7548,235,17,0.7672
8825,235,17,0.2092
10329,235,17,0.3646
14599,235,17,0.6529
6341,236,17,0.3383
13305,236,17,0.1513
836,239,17,0.5598
932,239,17,0.6823
4626,239,17,0.2524
4912,239,17,0.8391
7109,239,17,0.2243
11974,239,17,0.3994
13059,239,17,0.7861
13170,239,17,0.8177
13928,239,17,0.8138
14318,239,17,0.1782
2381,240,23,0.1075
2532,240,23,0.9103
2894,240,23,0.0688
3047,240,23,0.3898
6085,240,23,0.1045
6302,240,23,0.7345
11922,240,23,0.6268
12814,240,23,0.9328
12823,240,23,0.1137
14476,240,23,0.9204
1215,235,17,0.5807
1239,235,17,0.7822
1317,235,17,0.8596
1792,235,17,0.8751
2490,235,17,0.9003
3034,235,17,0.8587
6002,235,17,0.2323
12227,235,17,0.8879
14244,235,17,0.6972
15051,235,17,0.6003
640,236,17,0.8362
694,236,17,0.7512
3598,236,17,0.2770
3756,236,17,0.6954
4233,236,17,0.8866
9830,236,17,0.4859
11227,236,17,0.3953
12138,236,17,0.6520
13032,236,17,0.5995
5646,239,17,0.5300
13964,239,17,0.2464
1987,240,23,0.6355
2265,240,23,0.9020
4961,240,23,0.8870
6223,240,23,0.9238
6626,240,23,0.9178
8069,240,23,0.7544
8368,240,23,0.4299
10441,240,23,0.9253
11228,240,23,0.2925
14482,240,23,0.8227
1925,235,17,0.8919
1946,235,17,0.9280
4044,235,17,0.6761
5769,235,17,0.8397
7612,235,17,0.9358
9550,235,17,0.8549
9913,235,17,0.2923
10243,235,17,0.9283
14410,235,17,0.6375
15147,235,17,0.8903
62,236,17,0.8921
509,236,17,0.8278
3176,236,17,0.7805
4024,236,17,0.9310
6743,236,17,0.8941
8323,236,17,0.9320
9159,236,17,0.8042
9856,236,17,0.9002
13900,236,17,0.9474
15355,236,17,0.8465
7721,239,17,0.6993
2050,240,23,0.5106
2158,240,23,0.8170
4271,240,23,0.9074
4572,240,23,0.4876
4638,240,23,0.3368
4966,240,23,0.8344
6715,240,23,0.8860
6969,240,23,0.6587
9192,240,23,0.1675
15369,240,23,0.6076
1918,235,17,0.1035
2200,235,17,0.7535
3591,235,17,0.9308
4405,235,17,0.9381
5229,235,17,0.8761
8287,235,17,0.9045
9245,235,17,0.9180
10206,235,17,0.7890
11256,235,17,0.9217
15241,235,17,0.9110
1853,236,17,0.2510
4423,236,17,0.7022
14795,236,17,0.0923
5564,239,17,0.1844
7041,239,17,0.8956
7060,239,17,0.3862
13948,239,17,0.2551
14328,239,17,0.7197
15444,239,17,0.7318
2855,240,23,0.7542
7734,240,23,0.5197
8699,240,23,0.5089
9011,240,23,0.8564
9173,240,23,0.9322
9839,240,23,0.7921
13239,240,23,0.9389
14335,240,23,0.8225
14425,240,23,0.8687
15482,240,23,0.9383
2711,235,17,0.9431
3564,235,17,0.8937
4168,235,17,0.8333
6633,235,17,0.4856
7106,235,17,0.9231
8066,235,17,0.8685
11894,235,17,0.9022
12573,235,17,0.9477
14163,235,17,0.2088
15544,235,17,0.9325
1695,236,17,0.6795
2693,236,17,0.4220
3467,236,17,0.8481
5749,236,17,0.7839
6070,236,17,0.7568
10394,236,17,0.9029
12446,236,17,0.6640
6297,239,17,0.2797
13558,239,17,0.6223
1377,240,23,0.2685
2375,240,23,0.9363
3578,240,23,0.7223
4170,240,23,0.2997
4738,240,23,0.9373
4775,240,23,0.9381
9472,240,23,0.8172
12298,240,23,0.9001
12739,240,23,0.6012
15601,240,23,0.9278
1070,235,17,0.0600
6245,235,17,0.1324
11631,235,17,0.4176
183,236,17,0.8104
240,236,17,0.3523
2117,236,17,0.6491
10837,236,17,0.7421
11411,236,17,0.2681
11895,236,17,0.7126
15242,236,17,0.4623
15254,236,17,0.3071
14437,239,132,0.6218
5510,240,23,0.4654
7383,240,23,0.5900
578,235,17,0.7679
1045,235,17,0.8034
1974,235,17,0.8844
3513,235,17,0.8564
4807,235,17,0.8002
5236,235,17,0.7761
9008,235,17,0.2966
9417,235,17,0.8010
10645,235,17,0.6121
13947,235,17,0.7931
386,236,17,0.6937
1382,236,17,0.2291
2405,236,17,0.7753
3140,236,17,0.7805
3818,236,17,0.5409
5417,236,17,0.1915
6845,236,17,0.7438
9848,236,17,0.7932
14341,236,17,0.6740
12406,239,17,0.7347
2686,240,23,0.8358
3083,240,23,0.9161
7066,240,23,0.7228
7464,240,23,0.8614
8726,240,23,0.7704
11462,240,23,0.8823
13430,240,23,0.9392
14107,240,23,0.8522
15441,240,23,0.7072
15542,240,23,0.8579
1173,235,17,0.6816
5873,235,17,0.7068
6774,235,17,0.4414
6922,235,17,0.7283
9075,235,17,0.8139
13414,235,17,0.2852
13516,235,17,0.7780
13684,235,17,0.8062
14144,235,17,0.3187
15546,235,17,0.4057
208,236,17,0.4059
2767,236,17,0.6307
4243,236,17,0.6934
5270,236,17,0.5969
9076,236,17,0.8214
11149,236,17,0.3727
14072,236,17,0.8121
14168,236,17,0.4132
14779,236,17,0.7113
15428,236,17,0.1652
128,239,17,0.5722
233,239,17,0.6427
587,239,17,0.5510
959,239,17,0.6830
3820,239,17,0.5039
6043,239,17,0.2169
11023,239,17,0.7559
11328,239,17,0.3283
11532,239,17,0.8015
13714,239,17,0.4501
2287,240,23,0.9413
6990,240,23,0.7886
10750,240,23,0.2824
10996,240,23,0.8404
11394,240,23,0.9432
11932,240,23,0.8235
13719,240,23,0.7249
14332,240,23,0.9381
14621,240,23,0.5918
14996,240,23,0.9154
707,235,17,0.8185
4199,235,17,0.8789
4442,235,17,0.8696
7869,235,17,0.9254
9966,235,17,0.6687
11069,235,17,0.8078
11604,235,17,0.9343
13576,235,17,0.9458
14666,235,17,0.1116
15548,235,17,0.4912
5777,236,17,0.4533
13132,236,17,0.2938
3516,239,17,0.7452
4605,239,17,0.7795
5177,239,17,0.8111
5960,239,17,0.4930
8141,239,17,0.2787
10287,239,17,0.7568
12355,239,17,0.6890
12510,239,17,0.7590
14952,239,17,0.8079
15243,239,17,0.8532
600,240,23,0.9360
723,240,23,0.5571
1871,240,23,0.9109
7538,240,23,0.5621
8812,240,23,0.8289
10787,240,23,0.6407
13949,240,23,0.2516
14655,240,23,0.8164
15033,240,23,0.8579
15434,240,23,0.7146
4131,235,17,0.1250
5527,235,17,0.2824
7282,235,17,0.7118
7287,235,17,0.3038
9205,235,17,0.7747
9531,235,17,0.8068
9535,235,17,0.8073
11981,235,17,0.8138
13449,235,17,0.8040
14505,235,17,0.8112
357,236,17,0.6913
5198,236,17,0.6525
8912,236,17,0.7964
10338,236,17,0.8046
14049,236,17,0.7433
14531,236,17,0.8075
14842,236,17,0.7895
4464,239,17,0.9188
5216,239,17,0.9226
8301,239,17,0.6419
8493,239,17,0.4531
9649,239,17,0.6947
10646,239,17,0.1772
12467,239,17,0.8222
14104,239,17,0.0876
15247,239,17,0.8894
15556,239,17,0.8967
4899,240,23,0.8490
6660,240,23,0.8781
7806,240,23,0.8930
8587,240,23,0.9177
9874,240,23,0.9232
9983,240,23,0.9024
11002,240,23,0.8956
13865,240,23,0.8933
14692,240,23,0.9346
14857,240,23,0.6883
1757,235,17,0.5368
3548,235,17,0.5595
4269,235,17,0.8725
10506,235,17,0.9141
10535,235,17,0.9305
11337,235,17,0.8000
11359,235,17,0.6956
11423,235,17,0.8587
13526,235,17,0.7165
14624,235,17,0.9329
1423,236,17,0.4160
1892,236,17,0.6527
3023,236,17,0.2880
3168,236,17,0.8047
3304,236,17,0.8012
11698,236,17,0.4886
12967,236,17,0.7964
12992,236,17,0.6894
13911,236,17,0.8339
14255,236,17,0.7810
387,239,17,0.9252
2234,239,17,0.5919
4132,239,17,0.8964
6084,239,17,0.9000
6103,239,17,0.8690
7246,239,17,0.8998
9051,239,17,0.2627
10668,239,17,0.6384
11633,239,17,0.3589
15140,239,17,0.7996
312,240,23,0.9287
2046,240,23,0.8955
3900,240,23,0.6817
4436,240,23,0.9313
4942,240,23,0.9356
7885,240,23,0.9396
8871,240,23,0.9028
10797,240,23,0.8340
14533,240,23,0.9417
15294,240,23,0.8915
2366,235,17,0.8769
7652,235,17,0.5652
7855,235,17,0.6949
9309,235,17,0.3383
11832,235,17,0.4710
12695,235,17,0.7768
12880,235,17,0.8050
13587,235,17,0.3863
14738,235,17,0.2858
2044,236,17,0.8188
5141,236,17,0.9177
7257,236,17,0.8815
9967,236,17,0.4099
10022,236,17,0.6165
10694,236,17,0.5535
11294,236,17,0.9235
11346,236,17,0.9277
13527,236,17,0.6960
14153,236,17,0.9334
1293,239,93,0.7996
2941,239,93,0.5009
3986,239,93,0.7059
5941,239,93,0.8531
7387,239,93,0.4076
9161,239,93,0.6089
9757,239,93,0.7451
12046,239,93,0.4972
13748,239,93,0.7819
15596,239,93,0.6618
1042,240,23,0.3355
2549,240,23,0.9244
3305,240,23,0.4263
3626,240,23,0.4228
4564,240,23,0.7553
9629,240,23,0.0619
10724,240,23,0.7928
13879,240,23,0.6977
13908,240,23,0.7089
14764,240,23,0.9323
2539,235,93,0.7667
3451,235,93,0.7207
5830,235,93,0.7934
6699,235,93,0.7747
7783,235,93,0.7959
7980,235,93,0.7741
11148,235,93,0.5418
14717,235,93,0.4962
15549,235,93,0.6913
2819,236,17,0.9388
3592,236,17,0.9275
4702,236,17,0.9352
8841,236,17,0.9299
9556,236,17,0.5182
10666,236,17,0.3187
12169,236,17,0.8422
13213,236,17,0.9382
13724,236,17,0.9357
15262,236,17,0.9307
4140,239,93,0.8180
6266,239,93,0.9015
6409,239,93,0.9341
6826,239,93,0.2200
7556,239,93,0.8590
8187,239,93,0.7899
8996,239,93,0.9002
9358,239,93,0.6001
9674,239,93,0.3337
10661,239,93,0.5894
571,240,23,0.7763
3377,240,23,0.1685
5851,240,23,0.5311
6569,240,23,0.9299
7626,240,23,0.7839
8419,240,23,0.9384
10165,240,23,0.0567
12638,240,23,0.4937
14601,240,23,0.9286
14807,240,23,0.9286
2340,236,17,0.3706
3275,236,17,0.1490
5492,236,17,0.7437
7140,236,17,0.2295
7193,236,17,0.7946
8277,236,17,0.8093
8724,236,17,0.8147
11234,236,17,0.1997
912,240,23,0.6972
1887,240,23,0.5302
2942,240,23,0.8504
7047,240,23,0.8516
8431,240,23,0.5999
11070,240,23,0.8146
11565,240,23,0.9339
12356,240,23,0.9433
14773,240,23,0.8858
15604,240,23,0.6829
156,241,132,0.6812
392,241,132,0.5859
1540,241,132,0.8833
4351,241,132,0.9063
4437,241,132,0.8868
5307,241,132,0.2833
6031,241,132,0.7875
7539,241,132,0.7888
11138,241,132,0.3360
14913,241,132,0.7935
367,242,132,0.4904
1241,242,132,0.8099
4027,242,132,0.7589
4171,242,132,0.5021
6618,242,132,0.8897
7614,242,132,0.9200
9273,242,132,0.6486
11321,242,132,0.8620
11436,242,132,0.8689
11580,242,132,0.8085
5483,236,17,0.6516
9591,236,17,0.3348
695,240,23,0.5577
993,240,23,0.9261
2079,240,23,0.9426
2140,240,23,0.9300
8097,240,23,0.9441
8819,240,23,0.1850
12086,240,23,0.9215
13471,240,23,0.9428
14117,240,23,0.9031
14625,240,23,0.8780
1012,241,132,0.4307
3853,241,132,0.6280
6086,241,132,0.7234
6579,241,132,0.6852
7886,241,132,0.7082
9229,241,132,0.7845
10442,241,132,0.6133
11360,241,132,0.2301
13752,241,132,0.8031
15390,241,132,0.8090
1627,242,23,0.9359
1674,242,23,0.8961
2018,242,23,0.6664
4473,242,23,0.1246
4632,242,23,0.7414
7328,242,23,0.9252
9442,242,23,0.6328
9818,242,23,0.5146
11617,242,23,0.5416
14736,242,23,0.5637
5208,236,17,0.2153
13487,236,17,0.2474
1764,240,23,0.7625
3310,240,23,0.4804
5732,240,23,0.2970
7870,240,23,0.8653
7907,240,23,0.9230
8084,240,23,0.9309
9206,240,23,0.2919
13415,240,23,0.8491
14240,240,23,0.8138
15519,240,23,0.2952
4040,241,132,0.5630
5899,241,132,0.6719
6248,241,132,0.7314
9040,241,132,0.4918
9582,241,132,0.8342
10585,241,132,0.9218
12755,241,132,0.4465
13939,241,132,0.5465
15028,241,132,0.7472
15606,241,132,0.8024
1109,242,23,0.6525
6073,242,23,0.5383
6734,242,23,0.2253
7340,242,23,0.2983
8212,242,23,0.3460
10807,242,23,0.4668
10992,242,23,0.8725
14570,242,23,0.4972
14643,242,23,0.8938
15075,242,23,0.8984
1270,236,17,0.3228
4406,236,17,0.2382
1574,240,23,0.9283
2111,240,23,0.9357
2500,240,23,0.9073
3796,240,23,0.2507
3987,240,23,0.7888
4073,240,23,0.9003
4648,240,23,0.9066
8951,240,23,0.2958
10947,240,23,0.6817
12271,240,23,0.8496
474,241,132,0.7757
1899,241,132,0.8258
4408,241,132,0.9257
7571,241,132,0.7986
8859,241,132,0.9276
8916,241,132,0.5531
9804,241,132,0.8573
10430,241,132,0.5983
12600,241,132,0.8796
15114,241,132,0.7450
7677,242,23,0.6745
9230,242,23,0.5127
10855,242,23,0.8855
9682,236,17,0.7143
11901,236,17,0.6971
1011,240,23,0.6735
1441,240,23,0.2913
1616,240,23,0.7218
3772,240,23,0.8732
8665,240,23,0.8834
8686,240,23,0.7686
9237,240,23,0.5620
11091,240,23,0.3847
11955,240,23,0.5794
14212,240,23,0.9020
1318,241,23,0.8896
3813,241,23,0.7694
4523,241,23,0.7376
7509,241,23,0.9399
9197,241,23,0.6536
9915,241,23,0.8439
11278,241,23,0.9206
12740,241,23,0.8553
13440,241,23,0.9413
14105,241,23,0.9470
36,242,23,0.5291
3901,242,23,0.7540
6597,242,23,0.6854
6962,242,23,0.7398
9052,242,23,0.3453
9558,242,23,0.7858
13808,242,23,0.3968
14998,242,23,0.3494
15071,242,23,0.4504
15461,242,23,0.2107
13065,236,17,0.7252
15224,236,17,0.3594
15433,236,17,0.8161
360,240,23,0.9153
512,240,23,0.8381
542,240,23,0.8981
622,240,23,0.7784
1342,240,23,0.8096
1547,240,23,0.8765
5757,240,23,0.6681
6923,240,23,0.9288
10895,240,23,0.8280
13124,240,23,0.8175
1114,241,23,0.4262
3277,241,23,0.9315
4424,241,23,0.6906
4705,241,23,0.0672
7000,241,23,0.9191
8316,241,23,0.8557
9650,241,23,0.6219
14551,241,23,0.3918
14630,241,23,0.8792
14990,241,23,0.9064
617,242,23,0.6050
1665,242,23,0.5881
1847,242,23,0.4261
2665,242,23,0.7904
10238,242,23,0.8715
11114,242,23,0.8363
12195,242,23,0.8133
12328,242,23,0.8059
13570,242,23,0.7869
14323,242,23,0.8946
5314,236,17,0.7280
5756,236,17,0.7319
4793,240,23,0.9423
5153,240,23,0.9421
5280,240,23,0.8496
5287,240,23,0.7840
5657,240,23,0.8902
7119,240,23,0.1982
8640,240,23,0.8916
8651,240,23,0.9479
11257,240,23,0.9348
14989,240,23,0.9243
2513,241,23,0.6656
2757,241,23,0.7503
5116,241,23,0.9243
8878,241,23,0.5844
9034,241,23,0.9047
9148,241,23,0.9353
11014,241,23,0.9214
11450,241,23,0.7336
14850,241,23,0.8841
15526,241,23,0.9400
795,242,23,0.1987
1590,242,23,0.2891
2521,242,23,0.7397
5634,242,23,0.9058
8050,242,23,0.4019
10901,236,17,0.4037
11105,236,17,0.4551
1157,240,23,0.3120
4996,240,23,0.4981
6259,240,23,0.9102
6493,240,23,0.3738
9581,240,23,0.0748
10385,240,23,0.4999
11907,240,23,0.7311
12424,240,23,0.1732
12614,240,23,0.6131
13649,240,23,0.9118
3642,241,23,0.5475
7184,241,23,0.7392
10280,241,23,0.7364
10866,241,23,0.6002
11024,241,23,0.1109
11057,241,23,0.8631
12511,241,23,0.3646
13554,241,23,0.4643
14483,241,23,0.4368
15315,241,23,0.6599
3245,242,23,0.7048
3440,242,23,0.8744
3883,242,23,0.7651
4330,242,23,0.7748
7127,242,23,0.5319
11354,242,23,0.6387
12223,242,23,0.7917
13489,242,23,0.2002
14059,242,23,0.4634
14945,242,23,0.8017
10199,236,17,0.1683
14942,236,17,0.3134
408,240,23,0.1391
1052,240,23,0.7210
1113,240,23,0.1944
2866,240,23,0.7340
6609,240,23,0.7821
10143,240,23,0.4874
11390,240,23,0.2011
11669,240,23,0.1954
11913,240,23,0.7024
13364,240,23,0.2616
1555,241,23,0.3395
2887,241,23,0.2798
5647,241,23,0.8704
6005,241,23,0.8905
8145,241,23,0.9321
10032,241,23,0.9377
12074,241,23,0.9121
12094,241,23,0.9436
12903,241,23,0.8513
13858,241,23,0.7589
514,242,23,0.6822
1013,242,23,0.6292
6105,242,23,0.7976
6117,242,23,0.7639
6457,242,23,0.8805
6800,242,23,0.2982
11139,242,23,0.8579
12475,242,23,0.9128
13309,242,23,0.7659
14029,242,23,0.7870
7884,236,17,0.1877
11676,236,17,0.2650
3062,240,23,0.2475
3338,240,23,0.7915
6530,240,23,0.7296
8210,240,23,0.7777
8574,240,23,0.6784
8740,240,23,0.6122
9803,240,23,0.6018
14461,240,23,0.3965
15148,240,23,0.5753
15574,240,23,0.6733
945,241,23,0.4146
2934,241,23,0.2029
4988,241,23,0.4843
5918,241,23,0.1417
7627,241,23,0.6130
9090,241,23,0.1076
13193,241,23,0.6437
13710,241,23,0.7743
14797,241,23,0.6518
15039,241,23,0.7953
2715,242,23,0.8105
3191,242,23,0.4839
3225,242,23,0.2609
12567,242,23,0.8292
13509,242,23,0.7865
14308,242,23,0.7665
15431,242,23,0.4694
3922,236,17,0.2002
4755,236,17,0.1376
7474,236,17,0.6771
7507,236,17,0.8836
11012,236,17,0.6490
12574,236,17,0.9128
13289,236,17,0.8662
14460,236,17,0.8379
1218,240,107,0.6876
5192,240,107,0.7299
6438,240,107,0.7165
7970,240,107,0.7852
8905,240,107,0.7992
12722,240,107,0.2080
13902,240,107,0.6264
14469,240,107,0.3113
15113,240,107,0.7952
813,241,23,0.7585
1940,241,23,0.8744
3694,241,23,0.7436
5217,241,23,0.9123
8032,241,23,0.9046
9504,241,23,0.7206
13268,241,23,0.5041
14363,241,23,0.8976
14800,241,23,0.9328
15373,241,23,0.6641
1556,242,23,0.7872
1863,242,23,0.4468
8237,242,23,0.7946
12562,242,23,0.5222
12918,242,23,0.6455
15415,242,23,0.7620
74,236,17,0.3855
402,236,17,0.7157
11211,236,17,0.9040
14587,236,17,0.0858
14925,236,17,0.9036
14988,236,17,0.9349
15269,236,17,0.9224
1750,240,43,0.7066
3637,240,43,0.7822
4508,240,43,0.8474
7203,240,43,0.8215
8973,240,43,0.7959
9425,240,43,0.4871
9881,240,43,0.7546
9946,240,43,0.3979
10433,240,43,0.7938
12962,240,43,0.2055
976,241,23,0.1381
1174,241,23,0.9216
4064,241,23,0.2663
5199,241,23,0.5940
11994,241,23,0.0766
13176,241,23,0.6957
13389,241,23,0.9294
14135,241,23,0.9129
15210,241,23,0.2117
15543,241,23,0.6468
624,242,23,0.4862
631,242,23,0.6681
5107,242,23,0.5858
5852,242,23,0.7244
6313,242,23,0.7855
7042,242,23,0.7538
9345,242,23,0.6632
3984,236,17,0.4693
9869,236,17,0.6458
6247,240,43,0.4722
8428,240,43,0.3757
8568,240,43,0.6113
10110,240,43,0.2391
10641,240,43,0.2017
12301,240,43,0.4757
13082,240,43,0.4905
13807,240,43,0.8763
14833,240,43,0.7000
15328,240,43,0.8015
3013,241,23,0.1507
4443,241,23,0.7737
5316,241,23,0.7056
5779,241,23,0.6347
5926,241,23,0.2393
9543,241,23,0.4242
10648,241,23,0.5204
10751,241,23,0.7997
10793,241,23,0.3727
13014,241,23,0.8043
423,242,23,0.5842
5308,242,23,0.6899
5919,242,23,0.9092
10133,242,23,0.8827
11330,242,23,0.8590
13118,242,23,0.9219
14045,242,23,0.8985
14198,242,23,0.9379
14524,242,23,0.8690
14559,242,23,0.8591
12588,236,17,0.3011
15361,236,17,0.4488
334,240,43,0.5945
641,240,43,0.8619
1192,240,43,0.6597
1425,240,43,0.8754
2834,240,43,0.9276
7842,240,43,0.8160
8500,240,43,0.6583
9728,240,43,0.4744
12335,240,43,0.6665
13094,240,43,0.7638
1765,241,23,0.6421
3776,241,23,0.2352
5839,241,23,0.8128
7110,241,23,0.8983
10150,241,23,0.2980
10539,241,23,0.9092
12882,241,23,0.6040
12986,241,23,0.9117
13182,241,23,0.9114
15581,241,23,0.9332
4356,242,23,0.9409
5823,242,23,0.6616
8146,242,23,0.9300
8473,242,23,0.9282
10847,242,23,0.9376
11266,242,23,0.8316
11983,242,23,0.8432
12537,242,23,0.9442
13545,242,23,0.8779
14792,242,23,0.9357
708,236,17,0.7778
1512,236,17,0.1120
2491,236,17,0.8994
4603,236,17,0.9106
4612,236,17,0.6516
4654,236,17,0.8927
7453,236,17,0.8744
8611,236,17,0.2622
11511,236,17,0.3512
13593,236,17,0.6762
1181,240,17,0.3874
1801,240,17,0.7051
3439,240,17,0.8903
5254,240,17,0.9041
6348,240,17,0.8781
6476,240,17,0.3781
13285,240,17,0.2385
13482,240,17,0.8956
14343,240,17,0.3818
15001,240,17,0.1393
1084,241,23,0.3390
4811,241,23,0.1326
6872,241,23,0.7598
7074,241,23,0.6438
7217,241,23,0.2411
7428,241,23,0.3803
10188,241,23,0.2150
11085,241,23,0.4581
13983,241,23,0.7903
14642,241,23,0.7025
196,242,23,0.0761
1447,242,23,0.9222
2617,242,23,0.4453
4115,242,23,0.3961
7218,242,23,0.2892
9238,242,23,0.7903
11058,242,23,0.6299
12002,242,23,0.7577
13076,242,23,0.7903
13958,242,23,0.6621
2864,236,93,0.2971
7759,236,93,0.1463
1107,240,17,0.7851
3117,240,17,0.4901
3259,240,17,0.5322
5063,240,17,0.7961
7133,240,17,0.7968
9683,240,17,0.8090
12073,240,17,0.7343
13799,240,17,0.8027
13873,240,17,0.7819
14347,240,17,0.5346
649,241,23,0.7928
1617,241,23,0.2223
7120,241,23,0.7943
7327,241,23,0.5825
8843,241,23,0.5203
10325,241,23,0.7995
12463,241,23,0.8053
13660,241,23,0.8134
13866,241,23,0.7805
14512,241,23,0.7966
15458,242,23,0.7949
8403,236,93,0.7280
9122,236,93,0.2550
10639,236,93,0.7586
11632,236,93,0.2531
14327,236,93,0.7654
14515,236,93,0.7119
882,240,17,0.2053
1281,240,17,0.7079
1301,240,17,0.6708
1501,240,17,0.9192
2640,240,17,0.5727
5299,240,17,0.7554
7015,240,17,0.4012
8348,240,17,0.8998
11417,240,17,0.9149
12942,240,17,0.8556
1121,241,23,0.8046
1650,241,23,0.7987
3037,241,23,0.4686
5745,241,23,0.5453
6733,241,23,0.7183
8070,241,23,0.2642
9078,241,23,0.4794
10821,241,23,0.6648
12502,241,23,0.1996
15545,241,23,0.6232
589,242,23,0.5535
1710,242,23,0.2668
4236,242,23,0.8677
5485,242,23,0.3176
5576,242,23,0.8398
6884,242,23,0.9013
7021,242,23,0.5624
7761,242,23,0.8204
11781,242,23,0.5520
12609,242,23,0.8484
1240,236,93,0.6885
3325,236,93,0.8190
4772,236,93,0.8405
7536,236,93,0.2438
7664,236,93,0.7549
8562,236,93,0.5777
8650,236,93,0.8554
8896,236,93,0.7051
14628,236,93,0.8503
15474,236,93,0.3748
258,240,17,0.8101
2460,240,17,0.8555
2588,240,17,0.9354
8262,240,17,0.9176
9814,240,17,0.5353
9903,240,17,0.9168
9968,240,17,0.6750
10647,240,17,0.9210
11352,240,17,0.8891
15055,240,17,0.8305
2324,241,23,0.7808
3297,241,23,0.7984
7048,241,23,0.7790
10669,241,23,0.8037
10816,241,23,0.8033
11677,241,23,0.8136
11692,241,23,0.7483
14156,241,23,0.6421
14698,241,23,0.8019
14997,241,23,0.6735
820,242,23,0.8648
4288,242,23,0.2424
7397,242,23,0.7837
8509,242,23,0.7853
9174,242,23,0.7847
10586,242,23,0.8950
11025,242,23,0.9083
12218,242,23,0.7458
14535,242,23,0.7464
15064,242,23,0.5364
9566,236,93,0.7739
13757,236,93,0.5459
908,240,17,0.9396
4857,240,17,0.6274
4981,240,17,0.8124
5144,240,17,0.9449
6883,240,17,0.9239
9557,240,17,0.6886
11733,240,17,0.9359
12858,240,17,0.8694
13599,240,17,0.6192
15236,240,17,0.8199
2277,241,23,0.4898
3290,241,23,0.7910
3840,241,23,0.7836
5264,241,23,0.7683
6039,241,23,0.5117
6104,241,23,0.7486
9603,241,23,0.4045
10741,241,23,0.4366
11734,241,23,0.7894
12392,241,23,0.4400
259,242,23,0.7328
3208,242,23,0.2354
4074,242,23,0.3027
7301,242,23,0.7909
7988,242,23,0.8089
11177,242,23,0.4248
11361,242,23,0.7998
15056,242,23,0.7995
15217,242,23,0.8181
15248,242,23,0.6695
11429,236,93,0.4644
15566,236,93,0.4343
588,240,17,0.3299
1947,240,17,0.9294
3713,240,17,0.8375
4186,240,17,0.7349
5221,240,17,0.2213
8057,240,17,0.6501
10662,240,17,0.8050
10740,240,17,0.7631
12698,240,17,0.5397
12707,240,17,0.6455
513,241,23,0.7820
2965,241,23,0.4919
3517,241,23,0.5220
7843,241,23,0.6830
9513,241,23,0.7922
9833,241,23,0.2560
11965,241,23,0.8080
14288,241,23,0.6276
14808,241,23,0.6791
14944,241,23,0.8016
977,242,23,0.3973
1182,242,23,0.4809
3328,242,23,0.8667
3649,242,23,0.4175
8233,242,23,0.3433
10015,242,23,0.8771
10649,242,23,0.8992
12213,242,23,0.5932
12291,242,23,0.9340
14507,242,23,0.8256
4925,236,17,0.7392
718,240,17,0.8375
1920,240,17,0.9321
2444,240,17,0.9367
5801,240,17,0.9123
11761,240,17,0.9444
11854,240,17,0.5244
12113,240,17,0.2048
13329,240,17,0.9219
15097,240,17,0.9267
15379,240,17,0.1109
2749,241,23,0.6940
3260,241,23,0.7539
4014,241,23,0.7900
4142,241,23,0.7373
11258,241,23,0.5464
12608,241,23,0.4691
13409,241,23,0.7562
13779,241,23,0.6698
13909,241,23,0.8044
15008,241,23,0.8087
130,242,23,0.8985
313,242,23,0.9278
710,242,23,0.9357
3278,242,23,0.9375
4376,242,23,0.2773
5367,242,23,0.2525
6192,242,23,0.8490
6267,242,23,0.9117
9079,242,23,0.8664
11849,242,23,0.6621
2157,236,93,0.2544
2832,236,93,0.8463
3947,236,93,0.8366
9816,236,93,0.7613
9902,236,93,0.7833
11611,236,93,0.7821
11952,236,93,0.3058
464,240,17,0.1839
2714,240,17,0.9197
2769,240,17,0.6324
4535,240,17,0.8979
10654,240,17,0.9176
11183,240,17,0.9113
13349,240,17,0.8891
13534,240,17,0.7469
14816,240,17,0.8415
14958,240,17,0.7787
728,241,23,0.6504
1921,241,23,0.4783
2183,241,23,0.7926
4159,241,23,0.6174
5815,241,23,0.7933
7932,241,23,0.2350
10852,241,23,0.4527
13308,241,23,0.7052
14197,241,23,0.6451
15430,241,23,0.6185
2128,242,23,0.5227
2251,242,23,0.3589
2332,242,23,0.8771
2454,242,23,0.8487
7001,242,23,0.8398
9947,242,23,0.2354
10033,242,23,0.8073
14108,242,23,0.7835
14353,242,23,0.7143
15611,242,23,0.7529
930,236,93,0.3285
7811,236,93,0.2074
8491,236,93,0.2378
10050,236,93,0.7281
11468,236,93,0.4806
15494,236,93,0.7199
15568,236,93,0.2372
702,240,17,0.8490
2259,240,17,0.7930
5330,240,17,0.9127
6722,240,17,0.4461
6941,240,17,0.5972
6999,240,17,0.9168
7901,240,17,0.4244
10462,240,17,0.2001
12551,240,17,0.9145
14616,240,17,0.8949
9193,241,23,0.6290
10971,241,23,0.7380
12139,241,23,0.7740
13375,241,23,0.6869
13633,241,23,0.5585
13880,241,23,0.2210
14492,241,23,0.7175
15232,241,23,0.7964
15274,241,23,0.8009
15407,241,23,0.5865
279,242,23,0.7221
1751,242,23,0.7990
3427,242,23,0.8128
3841,242,23,0.7114
4187,242,23,0.4398
6545,242,23,0.7820
7093,242,23,0.7843
10450,242,23,0.7192
13913,242,23,0.4876
15595,242,23,0.6343
11338,236,43,0.6734
417,240,17,0.4702
709,240,17,0.9184
1294,240,17,0.9315
2424,240,17,0.7669
4180,240,17,0.9133
5601,240,17,0.9243
8753,240,17,0.8376
9144,240,17,0.3415
10600,240,17,0.8582
15123,240,17,0.6803
1626,241,23,0.5465
3190,241,23,0.7834
5052,241,23,0.6877
5951,241,23,0.7965
6456,241,23,0.6695
9419,241,23,0.7975
13317,241,23,0.6916
14594,241,23,0.5086
14608,241,23,0.7815
14675,241,23,0.7944
1226,242,23,0.4970
1328,242,23,0.6040
3291,242,23,0.8063
4082,242,23,0.7291
4249,242,23,0.6854
5342,242,23,0.7471
6304,242,23,0.7800
7582,242,23,0.7121
8160,242,23,0.7141
11712,242,23,0.6654
2712,236,93,0.8287
2976,236,93,0.8119
5442,236,93,0.7993
5573,236,93,0.7943
6128,236,93,0.5492
8950,236,93,0.6738
12192,236,93,0.2407
14854,236,93,0.7251
15112,236,93,0.7860
1258,240,17,0.7526
2360,240,17,0.9343
2505,240,17,0.9373
4248,240,17,0.9331
7259,240,17,0.9298
9832,240,17,0.9017
10279,240,17,0.7556
11018,240,17,0.8116
11402,240,17,0.9376
12417,240,17,0.9337
3417,241,23,0.8010
4491,241,23,0.8056
4750,241,23,0.7669
5273,241,23,0.7986
9124,241,23,0.5892
11435,241,23,0.7579
12038,241,23,0.7740
13569,241,23,0.8010
15022,241,23,0.8140
15380,241,23,0.8043
2350,242,23,0.6825
3470,242,23,0.6999
4425,242,23,0.7576
4536,242,23,0.6728
6146,242,23,0.6130
6716,242,23,0.6092
8098,242,23,0.4315
9651,242,23,0.7929
13177,242,23,0.8017
14230,242,23,0.2287
224,240,17,0.3066
473,240,17,0.6009
689,240,17,0.7016
769,240,17,0.6528
1701,240,17,0.8518
2169,240,17,0.7742
3613,240,17,0.9274
6701,240,17,0.6218
14307,240,17,0.8594
14588,240,17,0.9348
850,241,23,0.2720
1998,241,23,0.2268
2630,241,23,0.4676
2796,241,23,0.7530
3118,241,23,0.8127
4114,241,23,0.9252
5548,241,23,0.8479
10014,241,23,0.9434
10201,241,23,0.9379
14707,241,23,0.9401
9710,242,23,0.4501
14748,242,23,0.6811
2081,243,132,0.7579
8116,243,132,0.5358
8391,243,132,0.5836
9405,243,132,0.7041
10359,243,132,0.1719
12005,243,132,0.2682
12160,243,132,0.7902
12407,243,132,0.7732
14080,243,132,0.7466
14897,243,132,0.7987
3839,240,17,0.3185
3996,240,17,0.9234
4936,240,17,0.4509
7338,240,17,0.4212
8777,240,17,0.5401
10617,240,17,0.5828
12327,240,17,0.5304
13259,240,17,0.8945
15021,240,17,0.3952
15507,240,17,0.3531
522,241,23,0.2371
1302,241,23,0.2902
1981,241,23,0.1038
2664,241,23,0.3526
3579,241,23,0.4844
4880,241,23,0.4421
6439,241,23,0.1601
8085,241,23,0.3420
11616,241,23,0.1930
12703,241,23,0.5016
967,242,23,0.3079
2805,242,23,0.7666
5408,242,23,0.7505
5840,242,23,0.7386
5910,242,23,0.2567
6293,242,23,0.5561
6318,242,23,0.8657
6391,242,23,0.5669
11395,242,23,0.8931
15009,242,23,0.7473
6074,243,132,0.6345
2933,240,17,0.6415
3408,240,17,0.7005
4627,240,17,0.7761
5263,240,17,0.7054
7300,240,17,0.8146
7308,240,17,0.7759
8913,240,17,0.3879
11313,240,17,0.7425
11375,240,17,0.8116
13709,240,17,0.8126
1392,241,23,0.6960
3110,241,23,0.8077
4088,241,23,0.6324
4468,241,23,0.7817
4615,241,23,0.8108
9524,241,23,0.8164
10002,241,23,0.2012
11049,241,23,0.6687
11249,241,23,0.6613
12031,241,23,0.6634
58,242,23,0.7977
2209,242,23,0.7515
2631,242,23,0.7021
3092,242,23,0.2220
3141,242,23,0.7999
9851,242,23,0.8007
10940,242,23,0.7632
13033,242,23,0.7432
13993,242,23,0.8153
14034,242,23,0.4491
2288,243,132,0.4950
2758,243,132,0.7284
9257,243,132,0.7882
11857,243,132,0.8005
1475,240,17,0.2861
2397,240,17,0.5216
4864,240,17,0.1959
5115,240,17,0.2815
10718,240,17,0.7327
11925,240,17,0.7157
11982,240,17,0.3616
13589,240,17,0.4461
14217,240,17,0.0947
14291,240,17,0.8989
325,241,23,0.7556
533,241,23,0.7771
1476,241,23,0.7902
3219,241,23,0.5269
3469,241,23,0.4502
5946,241,23,0.5967
6058,241,23,0.5588
6303,241,23,0.7815
13075,241,23,0.8059
14543,241,23,0.3937
3098,242,23,0.3072
5288,242,23,0.4226
6011,242,23,0.4221
6570,242,23,0.9122
6764,242,23,0.9373
8641,242,23,0.8552
9125,242,23,0.9449
9675,242,23,0.8283
10124,242,23,0.6744
11701,242,23,0.9028
2464,243,132,0.2725
2610,243,132,0.7078
3814,243,132,0.2894
6032,243,132,0.7367
8001,243,132,0.7956
8213,243,132,0.8056
9112,243,132,0.5948
11671,243,132,0.2063
12765,243,132,0.6381
15416,243,132,0.2893
129,240,17,0.7948
521,240,17,0.4582
750,240,17,0.8909
3657,240,17,0.3770
5121,240,17,0.8867
6362,240,17,0.8026
11449,240,17,0.7777
14044,240,17,0.3799
14607,240,17,0.4520
1802,241,23,0.7551
2017,241,23,0.8079
3724,241,23,0.8103
4317,241,23,0.7935
5680,241,23,0.1961
5932,241,23,0.6544
11441,241,23,0.7891
14747,241,23,0.7986
14949,241,23,0.8087
14981,241,23,0.6677
5053,242,23,0.0678
8933,242,23,0.3126
14538,242,23,0.1159
5911,243,132,0.6433
6210,243,132,0.8335
8593,243,132,0.7248
11995,243,132,0.8672
12815,243,132,0.8557
15613,243,132,0.7804
15614,243,132,0.7996
3269,240,93,0.2188
4141,240,93,0.3355
6072,240,93,0.6713
9758,240,93,0.3090
12024,240,93,0.8970
12624,240,93,0.3322
13965,240,93,0.3341
14260,240,93,0.8584
14550,240,93,0.2788
15605,240,93,0.4169
645,241,23,0.4701
3599,241,23,0.7928
4725,241,23,0.8000
7816,241,23,0.8075
8914,241,23,0.6399
9721,241,23,0.7865
10341,241,23,0.6590
11504,241,23,0.7958
12708,241,23,0.8081
15299,241,23,0.8189
11036,242,23,0.3059
1840,243,132,0.3121
2837,243,132,0.6605
9740,243,132,0.7967
11362,243,132,0.7807
14884,243,132,0.7420
15116,243,132,0.8176
134,240,93,0.5461
234,240,93,0.9226
2964,240,93,0.9391
5478,240,93,0.9443
8734,240,93,0.6586
9103,240,93,0.8271
9923,240,93,0.9042
10037,240,93,0.7733
13761,240,93,0.6244
14838,240,93,0.8739
150,241,23,0.7299
422,241,23,0.7970
623,241,23,0.7939
1225,241,23,0.6796
5017,241,23,0.6989
10695,241,23,0.7990
12052,241,23,0.8041
12087,241,23,0.7493
14251,241,23,0.7849
14834,241,23,0.7553
1688,242,23,0.3728
4687,242,23,0.8593
8279,242,23,0.4962
8307,242,23,0.8643
10881,242,23,0.8956
12234,242,23,0.4505
12305,242,23,0.8599
12936,242,23,0.9280
13313,242,23,0.8910
14297,242,23,0.9047
3822,243,132,0.3966
12522,243,132,0.2582
269,240,93,0.4149
892,240,93,0.3277
2415,240,93,0.8466
2629,240,93,0.2208
3076,240,93,0.6053
5090,240,93,0.2861
5555,240,93,0.7664
8488,240,93,0.7956
9745,240,93,0.8009
12993,240,93,0.7881
1603,241,23,0.7873
2506,241,23,0.5953
4921,241,23,0.8005
9736,241,23,0.8077
10963,241,23,0.8091
11031,241,23,0.1921
11288,241,23,0.8054
12546,241,23,0.6417
14693,241,23,0.5651
15602,241,23,0.7217
3550,242,23,0.1507
4841,242,23,0.6214
5543,242,23,0.4832
6930,242,23,0.3035
7111,242,23,0.1837
7844,242,23,0.7965
9514,242,23,0.3703
10777,242,23,0.1514
10983,242,23,0.7546
14470,242,23,0.4109
2899,243,132,0.7423
4143,243,132,0.3379
7561,243,132,0.4472
11412,243,132,0.8174
11534,243,132,0.7846
12476,243,132,0.6949
13628,243,132,0.6484
15615,243,132,0.8038
12789,240,132,0.6061
1327,241,23,0.5936
1548,241,23,0.7389
2293,241,23,0.3928
2694,241,23,0.7756
3327,241,23,0.6845
3339,241,23,0.7935
8652,241,23,0.6650
8872,241,23,0.7681
14229,241,23,0.7973
15216,241,23,0.8156
913,242,23,0.3314
2436,242,23,0.5013
2562,242,23,0.8666
6589,242,23,0.2047
6745,242,23,0.1593
9473,242,23,0.2020
9825,242,23,0.6600
10415,242,23,0.0900
13555,242,23,0.5716
14388,242,23,0.9162
4343,243,132,0.6921
7857,243,132,0.2512
10464,243,132,0.4274
11736,243,132,0.8465
12943,243,132,0.4089
15387,243,132,0.6900
278,241,23,0.5632
1589,241,23,0.6485
2204,241,23,0.7332
2687,241,23,0.3974
3392,241,23,0.3775
6494,241,23,0.7711
10575,241,23,0.5132
10618,241,23,0.7400
14589,241,23,0.2993
15521,241,23,0.8028
326,242,23,0.5486
1549,242,23,0.5318
4890,242,23,0.7654
11071,242,23,0.7808
11643,242,23,0.5351
13279,242,23,0.4369
13853,242,23,0.7735
13874,242,23,0.2619
15124,242,23,0.7814
15263,242,23,0.6040
4303,243,132,0.6014
7690,243,132,0.4343
11086,243,132,0.1567
1014,244,132,0.6383
1900,244,132,0.7342
2632,244,132,0.5290
3530,244,132,0.7272
6193,244,132,0.8157
7032,244,132,0.7721
7356,244,132,0.5372
11267,244,132,0.7839
13008,244,132,0.8134
13791,244,132,0.8226
724,241,23,0.1905
1732,241,23,0.2193
2141,241,23,0.6854
2315,241,23,0.7358
8612,241,23,0.2624
8619,241,23,0.6011
8735,241,23,0.5423
11329,241,23,0.8085
11834,241,23,0.8773
12834,241,23,0.8873
241,242,23,0.6415
933,242,23,0.3106
2750,242,23,0.3328
4482,242,23,0.6709
5075,242,23,0.2023
5317,242,23,0.7692
10948,242,23,0.7194
12057,242,23,0.2860
12842,242,23,0.3099
12864,242,23,0.4159
3456,243,132,0.7075
3875,243,132,0.7447
4812,243,132,0.2137
5890,243,132,0.8097
6746,243,132,0.7067
7767,243,132,0.7813
15015,243,132,0.7642
11201,244,132,0.4026
1709,241,23,0.6577
3207,241,23,0.9402
3674,241,23,0.8504
3821,241,23,0.9260
4329,241,23,0.7443
8211,241,23,0.6705
10803,241,23,0.9077
10991,241,23,0.9378
14145,241,23,0.7782
14313,241,23,0.9442
1085,242,23,0.7660
3150,242,23,0.7120
3393,242,23,0.9372
4452,242,23,0.8509
7649,242,23,0.9350
8071,242,23,0.8776
8588,242,23,0.9453
11158,242,23,0.9125
11723,242,23,0.8178
15486,242,23,0.8676
4977,243,132,0.4979
5331,243,132,0.9038
6203,243,132,0.9229
6963,243,132,0.8654
7557,243,132,0.7433
7794,243,132,0.8118
9781,243,132,0.7927
10125,243,132,0.7982
10284,243,132,0.8109
15178,243,132,0.8001
8264,244,132,0.7081
10086,244,132,0.7165
13161,244,132,0.7841
174,241,23,0.0671
4004,241,23,0.1028
4124,241,23,0.6171
4256,241,23,0.7253
6961,241,23,0.2407
11131,241,23,0.7957
11855,241,23,0.7527
12383,241,23,0.7957
12726,241,23,0.8190
15457,241,23,0.2221
1526,242,23,0.9414
2445,242,23,0.9202
7031,242,23,0.1277
7075,242,23,0.1315
7164,242,23,0.9106
11493,242,23,0.0816
11735,242,23,0.1463
11940,242,23,0.7802
12318,242,23,0.7868
13015,242,23,0.7769
1131,243,23,0.4196
1336,243,23,0.8654
7348,243,23,0.8698
15288,243,23,0.6731
5344,244,132,0.4086
7511,244,132,0.7649
1140,241,23,0.7785
3084,241,23,0.3700
5860,241,23,0.7998
6224,241,23,0.5261
7760,241,23,0.4661
8420,241,23,0.6225
8981,241,23,0.7947
12262,241,23,0.8086
14039,241,23,0.8127
14787,241,23,0.8047
409,242,23,0.4434
1956,242,23,0.6370
3529,242,23,0.7930
4318,242,23,0.5671
4500,242,23,0.2219
7347,242,23,0.7240
7977,242,23,0.8152
9979,242,23,0.7565
12302,242,23,0.8111
12824,242,23,0.5706
2235,243,23,0.4666
6488,243,23,0.6942
6725,243,23,0.2487
7388,243,23,0.7447
7909,243,23,0.9352
8987,243,23,0.0577
14354,243,23,0.9453
14694,243,23,0.9403
14715,243,23,0.9286
14730,243,23,0.9265
771,244,132,0.3778
5418,244,132,0.7657
9269,244,132,0.7604
13235,244,132,0.6650
1759,241,23,0.3667
2208,241,23,0.6142
3950,241,23,0.4605
5968,241,23,0.7798
6129,241,23,0.2959
7229,241,23,0.7946
9850,241,23,0.7254
10735,241,23,0.7957
11908,241,23,0.8059
12848,241,23,0.6873
1922,242,23,0.2252
3559,242,23,0.7212
4363,242,23,0.7959
6992,242,23,0.7929
9961,242,23,0.5872
12620,242,23,0.5101
13370,242,23,0.8013
13780,242,23,0.7209
13862,242,23,0.7032
14051,242,23,0.8072
2563,243,23,0.8982
6855,243,23,0.4000
5091,244,132,0.2597
7968,244,132,0.3731
13002,244,132,0.7767
51,241,23,0.5918
2616,241,23,0.3050
2872,241,23,0.5073
5674,241,23,0.8018
7266,241,23,0.6674
8964,241,23,0.3431
11484,241,23,0.7929
11634,241,23,0.7748
12891,241,23,0.8099
13330,241,23,0.6378
21,242,23,0.7975
650,242,23,0.1969
5952,242,23,0.7945
6687,242,23,0.3907
8829,242,23,0.6909
10342,242,23,0.1505
10910,242,23,0.1250
14432,242,23,0.3728
14801,242,23,0.7357
15303,242,23,0.8528
1454,243,23,0.2568
13715,243,23,0.7806
163,244,132,0.7396
1720,244,132,0.7654
1733,244,132,0.2516
5399,244,132,0.8109
8999,244,132,0.6680
9053,244,132,0.3694
12490,244,132,0.7984
12777,244,132,0.7294
482,241,23,0.7995
6420,241,23,0.6553
7676,241,23,0.2719
8278,241,23,0.8009
11526,241,23,0.8018
11722,241,23,0.7907
12239,241,23,0.2235
13472,241,23,0.6335
14011,241,23,0.6450
15283,241,23,0.7722
1803,242,23,0.5506
2387,242,23,0.7438
4900,242,23,0.5422
8998,242,23,0.6707
10358,242,23,0.5151
10833,242,23,0.7985
12583,242,23,0.7955
12687,242,23,0.5013
14684,242,23,0.5553
15425,242,23,0.4287
2494,243,23,0.6904
3601,243,23,0.5471
6885,243,23,0.8567
8176,243,23,0.1587
9722,243,23,0.7691
10343,243,23,0.2583
14074,243,23,0.6172
15072,243,23,0.4171
15249,243,23,0.6924
3158,244,132,0.6392
11786,244,132,0.2067
1158,241,23,0.7946
4244,241,23,0.2036
5714,241,23,0.7362
8153,241,23,0.7788
8383,241,23,0.6959
10251,241,23,0.7966
10776,241,23,0.6108
10826,241,23,0.7974
10896,241,23,0.5676
14910,241,23,0.7681
305,242,23,0.3345
6805,242,23,0.7637
10111,242,23,0.2033
10301,242,23,0.2012
11512,242,23,0.1902
12644,242,23,0.1893
12898,242,23,0.7779
12969,242,23,0.2064
13950,242,23,0.7852
14933,242,23,0.7652
5445,243,23,0.3308
12204,243,23,0.3456
1635,244,132,0.4702
4509,241,23,0.4811
5444,241,23,0.5479
5961,241,23,0.7817
6836,241,23,0.2117
6991,241,23,0.8000
8201,241,23,0.7731
11945,241,23,0.6345
14164,241,23,0.7877
14296,241,23,0.7802
14502,241,23,0.7870
458,242,23,0.3498
832,242,23,0.5355
1618,242,23,0.7208
3048,242,23,0.7984
3936,242,23,0.4379
4976,242,23,0.7966
5990,242,23,0.4792
12284,242,23,0.7978
14965,242,23,0.1886
15014,242,23,0.7208
1563,243,23,0.7392
2159,243,23,0.5642
2602,243,23,0.7861
4592,243,23,0.5776
9336,243,23,0.7925
9970,243,23,0.8012
10587,243,23,0.3148
10757,243,23,0.3165
11842,243,23,0.4065
12828,243,23,0.7830
7778,244,132,0.3728
14094,244,132,0.2797
803,241,23,0.8065
2879,241,23,0.8013
3746,241,23,0.8058
5691,241,23,0.8046
10092,241,23,0.7997
10386,241,23,0.8117
10632,241,23,0.3927
11302,241,23,0.7883
11366,241,23,0.8080
13957,241,23,0.6308
9,242,23,0.6595
217,242,23,0.7776
2813,242,23,0.7187
3311,242,23,0.5429
7807,242,23,0.8643
8515,242,23,0.2387
10783,242,23,0.6566
11470,242,23,0.4584
14121,242,23,0.7068
14676,242,23,0.4700
883,243,23,0.7773
1725,243,23,0.8027
3226,243,23,0.3277
4215,243,23,0.5923
5027,243,23,0.7959
5452,243,23,0.5834
7128,243,23,0.7492
13994,243,23,0.8122
14109,243,23,0.7954
76,244,132,0.6689
1183,244,132,0.3614
15393,244,132,0.7806
264,241,23,0.7801
1948,241,23,0.6570
4272,241,23,0.6430
5423,241,23,0.7417
5666,241,23,0.7977
6827,241,23,0.7951
10683,241,23,0.8097
11273,241,23,0.7359
13678,241,23,0.6599
15180,241,23,0.6501
3951,242,23,0.2395
4913,242,23,0.3472
4937,242,23,0.7834
5648,242,23,0.6550
8255,242,23,0.8105
9613,242,23,0.7796
10252,242,23,0.8094
13500,242,23,0.8018
14016,242,23,0.6948
14022,242,23,0.1967
4707,243,107,0.6826
6087,243,107,0.6722
8168,243,107,0.3841
8534,243,107,0.8044
9080,243,107,0.7871
10291,243,107,0.7817
10601,243,107,0.6384
10972,243,107,0.7868
15598,243,107,0.7468
84,244,132,0.7180
662,244,132,0.8045
4474,244,132,0.6673
10465,244,132,0.7407
11790,244,132,0.5534
14930,244,132,0.9050
960,241,23,0.6777
4515,241,23,0.7944
6116,241,23,0.6647
7856,241,23,0.8009
8551,241,23,0.8029
9222,241,23,0.7873
10958,241,23,0.8100
11463,241,23,0.7829
13051,241,23,0.8136
15153,241,23,0.1874
175,242,23,0.6861
751,242,23,0.4249
5780,242,23,0.7751
6558,242,23,0.4335
9544,242,23,0.6408
11382,242,23,0.7905
11956,242,23,0.7990
12677,242,23,0.7559
13150,242,23,0.6770
13627,242,23,0.7831
374,243,43,0.8070
804,243,43,0.8060
1689,243,43,0.8124
5791,243,43,0.8098
7999,243,43,0.8228
10566,243,43,0.8209
10968,243,43,0.8211
12843,243,43,0.8225
15191,243,43,0.8185
52,244,132,0.5700
7523,244,132,0.7778
9664,244,132,0.7905
9704,244,132,0.8094
388,241,23,0.5987
4649,241,23,0.8241
6091,241,23,0.7674
7902,241,23,0.5789
10132,241,23,0.8320
10144,241,23,0.9103
10262,241,23,0.6861
11035,241,23,0.8650
13725,241,23,0.9423
14329,241,23,0.7962
609,242,23,0.6304
1402,242,23,0.6411
1682,242,23,0.2171
8020,242,23,0.8102
8167,242,23,0.7385
8341,242,23,0.6934
11687,242,23,0.4323
12927,242,23,0.4328
13559,242,23,0.7997
13881,242,23,0.8042
2856,243,17,0.6901
5274,243,17,0.7803
7615,243,17,0.6875
8011,243,17,0.6432
10189,243,17,0.6813
12099,243,17,0.7978
12371,243,17,0.7861
13501,243,17,0.7846
14758,243,17,0.8148
15339,243,17,0.8175
390,244,132,0.3265
10664,244,132,0.7573
12006,244,132,0.7895
1778,241,23,0.8525
2118,241,23,0.7425
4101,241,23,0.9382
4865,241,23,0.5539
5661,241,23,0.9355
8221,241,23,0.5989
9904,241,23,0.0725
11223,241,23,0.8651
11381,241,23,0.7186
14974,241,23,0.9040
389,242,23,0.5009
2514,242,23,0.7931
3403,242,23,0.8055
7156,242,23,0.1923
7378,242,23,0.8181
9484,242,23,0.7573
10827,242,23,0.1925
12039,242,23,0.7622
12464,242,23,0.8050
14401,242,23,0.8096
14157,243,17,0.4344
14775,243,17,0.2623
1393,244,132,0.4440
9016,244,132,0.7692
9081,244,132,0.6765
9337,244,132,0.7819
10292,244,132,0.7949
3869,241,23,0.8616
63,242,23,0.6313
265,242,23,0.7131
2080,242,23,0.5482
4052,242,23,0.5615
6724,242,23,0.7951
7267,242,23,0.7547
7835,242,23,0.8046
8957,242,23,0.8043
15211,242,23,0.7986
15561,242,23,0.8017
1557,243,17,0.4199
4891,243,17,0.6163
11159,243,17,0.6536
11279,243,17,0.7803
11555,243,17,0.9275
13269,243,17,0.7286
13904,243,17,0.8617
14765,243,17,0.8172
15362,243,17,0.7203
15565,243,17,0.8473
2361,244,132,0.6454
3937,244,132,0.8158
4951,244,132,0.8602
8271,244,132,0.7433
9286,244,132,0.8681
10543,244,132,0.7696
13512,244,132,0.7082
15349,244,132,0.8799
15607,244,132,0.7332
15609,244,132,0.6589
4192,241,23,0.3830
4202,241,23,0.4500
5989,241,23,0.5868
7061,241,23,0.7807
7786,241,23,0.7874
8464,241,23,0.7875
8997,241,23,0.6968
11192,241,23,0.7922
12746,241,23,0.8136
13742,241,23,0.6527
2119,242,23,0.8040
4089,242,23,0.6895
5010,242,23,0.7941
5733,242,23,0.8016
6421,242,23,0.6890
7908,242,23,0.6678
8501,242,23,0.7661
8844,242,23,0.6472
13260,242,23,0.5898
15600,242,23,0.7874
894,243,17,0.6627
3049,243,17,0.7704
4388,243,17,0.6461
7268,243,17,0.7192
8879,243,17,0.7875
9604,243,17,0.7539
10752,243,17,0.7942
12615,243,17,0.3298
13679,243,17,0.6063
15348,243,17,0.7916
2611,244,23,0.8412
7594,244,23,0.1111
361,241,23,0.4030
923,241,23,0.3548
5700,241,23,0.7900
7976,241,23,0.7546
9441,241,23,0.8101
11163,241,23,0.3208
11700,241,23,0.6774
12924,241,23,0.7925
13896,241,23,0.6837
14374,241,23,0.2051
523,242,23,0.2248
1460,242,23,0.7611
2303,242,23,0.2428
3455,242,23,0.6989
4309,242,23,0.2445
6334,242,23,0.8520
9434,242,23,0.3926
10642,242,23,0.7172
14364,242,23,0.1353
14454,242,23,0.2924
37,243,17,0.4164
2294,243,17,0.8265
5486,243,17,0.3344
7002,243,17,0.8579
7653,243,17,0.6904
7967,243,17,0.8441
10267,243,17,0.7795
11376,243,17,0.8003
13711,243,17,0.8045
14780,243,17,0.3254
1660,244,23,0.2065
2667,244,23,0.7483
4524,244,23,0.4446
6837,244,23,0.7147
6862,244,23,0.1962
7171,244,23,0.9270
9246,244,23,0.9064
9378,244,23,0.8671
11843,244,23,0.9164
14182,244,23,0.4324
35,241,23,0.6610
1961,241,23,0.3908
2996,241,23,0.8083
3178,241,23,0.7519
6723,241,23,0.8057
7605,241,23,0.8210
8813,241,23,0.4178
11353,241,23,0.7813
14703,241,23,0.6755
15421,241,23,0.7986
1775,242,23,0.8318
1941,242,23,0.9323
2997,242,23,0.6388
3179,242,23,0.8944
7712,242,23,0.9427
8805,242,23,0.8317
10326,242,23,0.7697
11572,242,23,0.9421
13331,242,23,0.9447
14714,242,23,0.9373
2388,243,17,0.7230
12336,243,17,0.7757
434,244,23,0.0959
2848,244,23,0.6329
5877,244,23,0.8516
10633,244,23,0.9124
12944,244,23,0.5052
14614,244,23,0.4287
1343,241,23,0.2308
2191,241,23,0.7567
2224,241,23,0.8988
3315,241,23,0.9134
5847,241,23,0.7109
8791,241,23,0.7542
11046,241,23,0.7116
14462,241,23,0.9260
14971,241,23,0.7552
15594,241,23,0.1389
429,242,23,0.4532
2051,242,23,0.5476
4516,242,23,0.5088
5038,242,23,0.6365
5625,242,23,0.3683
5861,242,23,0.7067
8700,242,23,0.4789
9163,242,23,0.4872
12203,242,23,0.5736
13590,242,23,0.3214
75,243,17,0.4885
534,243,17,0.7194
10903,243,17,0.8635
11909,243,17,0.8347
11926,243,17,0.8178
13199,243,17,0.9457
14455,243,17,0.8362
15057,243,17,0.8578
15065,243,17,0.8204
15108,243,17,0.9217
2985,244,23,0.8166
11193,244,23,0.4037
11522,244,23,0.6723
12477,244,23,0.0811
12688,244,23,0.9365
1259,241,23,0.5372
3069,241,23,0.7056
3346,241,23,0.7518
3988,241,23,0.5938
4481,241,23,0.1558
6390,241,23,0.7838
11823,241,23,0.7684
12653,241,23,0.8121
14267,241,23,0.8152
2820,242,107,0.7541
3580,242,107,0.2453
7522,242,107,0.8024
8518,242,107,0.5114
9759,242,107,0.8155
12025,242,107,0.6396
13027,242,107,0.8043
14664,242,107,0.8144
15132,242,107,0.8022
1295,243,17,0.9482
1357,243,17,0.9368
1829,243,17,0.9435
2409,243,17,0.9438
3832,243,17,0.9372
8755,243,17,0.9343
11178,243,17,0.9441
12170,243,17,0.9111
12757,243,17,0.4962
14670,243,17,0.8071
483,244,23,0.7299
2781,244,23,0.6330
3842,244,23,0.4321
8202,244,23,0.5968
8243,244,23,0.4410
9164,244,23,0.5705
9652,244,23,0.7758
13535,244,23,0.3278
3614,241,107,0.5585
7339,241,107,0.7636
10054,241,107,0.7643
13218,241,107,0.8016
13903,241,107,0.6436
14390,241,107,0.8045
14904,241,107,0.8077
15201,241,107,0.8090
15578,241,107,0.7447
15608,241,107,0.8163
3518,242,43,0.7924
5388,242,43,0.6699
6553,242,43,0.8844
7098,242,43,0.3363
12756,242,43,0.6934
12771,242,43,0.7837
13483,242,43,0.7610
13801,242,43,0.4856
14302,242,43,0.5493
1160,243,17,0.5987
9239,243,17,0.3363
10725,243,17,0.2000
9474,244,23,0.5509
10416,244,23,0.7711
14369,244,23,0.5878
1879,241,43,0.2541
5222,241,43,0.8158
6279,241,43,0.2163
7476,241,43,0.7939
8754,241,43,0.6426
9840,241,43,0.2258
10561,241,43,0.7319
13295,241,43,0.7949
14073,241,43,0.6165
14890,241,43,0.7971
3759,242,17,0.8484
3797,242,17,0.3904
4566,242,17,0.8319
5132,242,17,0.8440
5255,242,17,0.9406
7465,242,17,0.8540
8965,242,17,0.9472
12951,242,17,0.9367
13376,242,17,0.9406
14472,242,17,0.9313
770,243,17,0.7643
5991,243,17,0.9110
8576,243,17,0.8418
12577,243,17,0.0870
14824,243,17,0.9041
2333,244,23,0.6728
8797,244,23,0.2827
15487,244,23,0.5228
112,241,43,0.5738
2472,241,43,0.6392
3544,241,43,0.8358
4235,241,43,0.8505
6202,241,43,0.8542
8741,241,43,0.7831
12994,241,43,0.8420
13800,241,43,0.5865
15127,241,43,0.6932
15295,241,43,0.2952
452,242,17,0.6233
729,242,17,0.2178
3600,242,17,0.7116
3675,242,17,0.7012
5602,242,17,0.7660
8552,242,17,0.7243
11890,242,17,0.7463
14292,242,17,0.7439
14395,242,17,0.8033
14858,242,17,0.8042
11341,243,17,0.5895
12259,243,17,0.7873
15529,243,17,0.3216
1319,244,23,0.8175
2236,244,23,0.4672
8495,244,23,0.3366
14075,244,23,0.8304
4565,241,17,0.6017
5106,241,17,0.5741
7735,241,17,0.6833
7946,241,17,0.4511
9368,241,17,0.8706
9638,241,17,0.2342
10158,241,17,0.7886
12841,241,17,0.8109
13654,241,17,0.8219
14431,241,17,0.8122
1433,242,17,0.3164
1962,242,17,0.7677
3220,242,17,0.8911
3596,242,17,0.9218
3777,242,17,0.5988
8369,242,17,0.5072
13336,242,17,0.9143
13818,242,17,0.9212
14246,242,17,0.7736
15381,242,17,0.8886
2398,243,17,0.7120
3778,243,17,0.6013
4028,243,17,0.7197
8474,243,17,0.9149
8589,243,17,0.9121
8768,243,17,0.9005
9805,243,17,0.8817
10674,243,17,0.7779
13669,243,17,0.8627
6458,244,23,0.3327
8444,244,23,0.7508
95,241,17,0.8112
1525,241,17,0.6030
1774,241,17,0.4383
2601,241,17,0.8109
3454,241,17,0.7911
5592,241,17,0.9077
8563,241,17,0.6682
9969,241,17,0.4898
12483,241,17,0.1987
12854,241,17,0.0832
1018,242,17,0.7333
2780,242,17,0.9133
6848,242,17,0.4813
9857,242,17,0.7402
11867,242,17,0.8969
13365,242,17,0.2698
13420,242,17,0.7813
13655,242,17,0.8011
14953,242,17,0.7616
15107,242,17,0.7609
1768,243,93,0.8633
2666,243,93,0.7157
5343,243,93,0.8448
7355,243,93,0.8330
8072,243,93,0.6527
8494,243,93,0.5284
13292,243,93,0.7922
13768,243,93,0.7518
13827,243,93,0.7990
15341,243,93,0.7627
1779,244,23,0.6845
5792,244,23,0.7649
6672,244,23,0.4422
7181,244,23,0.6444
10288,244,23,0.8316
11122,244,23,0.7756
11377,244,23,0.7969
11644,244,23,0.6234
12883,244,23,0.8013
14110,244,23,0.3080
489,241,93,0.3462
557,241,93,0.8362
2835,241,93,0.9194
7825,241,93,0.9249
8437,241,93,0.4038
8986,241,93,0.8929
10368,241,93,0.5739
12670,241,93,0.1675
12749,241,93,0.2627
15448,241,93,0.6198
2151,242,17,0.8440
2533,242,17,0.9079
2589,242,17,0.8431
3773,242,17,0.9036
5718,242,17,0.9241
10663,242,17,0.7941
11403,242,17,0.9252
14647,242,17,0.9384
14959,242,17,0.4414
15603,242,17,0.8940
2895,244,23,0.2875
3478,244,23,0.8213
7398,244,23,0.5595
7492,244,23,0.7939
15257,244,23,0.4273
5565,241,93,0.1889
6799,241,93,0.3716
7938,241,93,0.5678
10237,241,93,0.7116
10521,241,93,0.1316
11796,241,93,0.7537
12194,241,93,0.3723
13116,241,93,0.7143
14344,241,93,0.6303
14633,241,93,0.5633
1141,242,17,0.6146
2205,242,17,0.5895
8767,242,17,0.1679
9482,242,17,0.7934
10897,242,17,0.7104
11098,242,17,0.8122
11442,242,17,0.7816
12153,242,17,0.4809
12776,242,17,0.8002
13141,242,17,0.8217
1448,244,23,0.3950
1949,244,23,0.6189
5758,244,23,0.7784
7628,244,23,0.7817
11383,244,23,0.7281
15270,244,23,0.8338
661,241,93,0.9008
893,241,93,0.4870
1108,241,93,0.7690
1517,241,93,0.5279
5520,241,93,0.7411
8263,241,93,0.7642
9612,241,93,0.6615
11533,241,93,0.8022
13416,241,93,0.2641
15610,241,93,0.8198
1743,242,17,0.3154
2099,242,17,0.3060
4125,242,17,0.2435
4713,242,17,0.8429
7887,242,17,0.9196
8613,242,17,0.6775
10223,242,17,0.7487
12592,242,17,0.9286
15324,242,17,0.9307
15374,242,17,0.8463
8370,244,23,0.5291
8783,244,23,0.8396
9562,244,23,0.9279
12081,244,23,0.4019
3905,242,17,0.8616
4409,242,17,0.9221
4726,242,17,0.7600
4962,242,17,0.9284
6044,242,17,0.9370
8544,242,17,0.8433
9310,242,17,0.8494
11019,242,17,0.7891
11164,242,17,0.9298
12344,242,17,0.9486
12263,244,23,0.3631
13966,244,23,0.4118
15196,244,23,0.8621
1122,242,17,0.4431
1669,242,17,0.5291
3969,242,17,0.4904
5528,242,17,0.0959
7081,242,17,0.7524
7634,242,17,0.3017
9420,242,17,0.7551
10399,242,17,0.7692
12114,242,17,0.6490
14864,242,17,0.6406
6886,244,23,0.7769
7269,244,23,0.7912
7368,244,23,0.7856
13350,244,23,0.8524
13694,244,23,0.1223
671,242,17,0.7176
3014,242,17,0.8037
7236,242,17,0.7118
9568,242,17,0.8094
9594,242,17,0.7516
12979,242,17,0.5617
13194,242,17,0.7629
13214,242,17,0.3474
15049,242,17,0.8062
15480,242,17,0.6548
280,244,23,0.3717
314,244,23,0.8105
3038,244,23,0.8035
6627,244,23,0.2983
7517,244,23,0.5227
12130,244,23,0.2618
14844,244,23,0.1970
2966,242,17,0.4666
5170,242,17,0.5553
8142,242,17,0.7989
11464,242,17,0.7821
12075,242,17,0.7434
12974,242,17,0.7864
13450,242,17,0.7994
14757,242,17,0.8182
14982,242,17,0.6774
15408,242,17,0.7044
1060,244,23,0.3652
8557,244,23,0.7098
9091,244,23,0.8617
10239,244,23,0.1847
14498,244,23,0.8395
14851,244,23,0.7549
96,242,17,0.1981
6233,242,17,0.6818
7921,242,17,0.3334
8620,242,17,0.2301
8796,242,17,0.4605
9916,242,17,0.6959
11007,242,17,0.7507
12374,242,17,0.7679
12393,242,17,0.7859
12576,242,17,0.8449
1591,244,23,0.5517
14140,244,23,0.7163
924,242,17,0.7365
2913,242,17,0.6400
4876,242,17,0.8144
6138,242,17,0.8903
6472,242,17,0.9218
9215,242,17,0.9199
10168,242,17,0.9025
10655,242,17,0.8688
12064,242,17,0.9089
13594,242,17,0.4871
6405,244,23,0.4090
11606,244,23,0.7923
14493,244,23,0.8436
1159,242,17,0.6114
2369,242,17,0.2512
3714,242,17,0.2286
3734,242,17,0.7240
5122,242,17,0.2491
5692,242,17,0.7772
5848,242,17,0.4074
12088,242,17,0.4284
12314,242,17,0.7849
14444,242,17,0.8203
9984,244,23,0.7453
13040,244,23,0.3724
1356,242,17,0.5261
2055,242,17,0.3092
4706,242,17,0.8290
5933,242,17,0.9045
5978,242,17,0.3665
6006,242,17,0.8405
9505,242,17,0.3687
11121,242,17,0.4879
12258,242,17,0.8940
15237,242,17,0.8009
3054,244,23,0.7269
3378,244,23,0.6347
6256,244,23,0.4342
10151,244,23,0.7504
11624,244,23,0.2765
14752,244,23,0.7891
14825,244,23,0.8504
15058,244,23,0.6832
3340,242,17,0.6076
5382,242,17,0.7692
6892,242,17,0.7776
8270,242,17,0.8054
9023,242,17,0.7941
10309,242,17,0.7695
11670,242,17,0.8131
12908,242,17,0.8108
12925,242,17,0.8159
13125,242,17,0.8173
9346,244,23,0.6318
11229,244,23,0.2254
12337,244,23,0.4771
14330,244,23,0.4622
1634,242,17,0.5279
3803,242,17,0.3882
4005,242,17,0.7741
5238,242,17,0.3953
5424,242,17,0.8615
5468,242,17,0.9225
8860,242,17,0.9372
10463,242,17,0.9093
14218,242,17,0.9443
14870,242,17,0.9229
4415,244,23,0.3908
13680,244,23,0.1584
2039,242,17,0.7044
2688,242,17,0.8815
4342,242,17,0.8980
4927,242,17,0.7003
5243,242,17,0.5647
8375,242,17,0.8129
9369,242,17,0.8787
9887,242,17,0.8466
13541,242,17,0.8829
14375,242,17,0.3550
719,244,23,0.1671
2184,244,23,0.3992
2455,244,23,0.8679
5223,244,23,0.7274
5900,244,23,0.7779
10193,244,23,0.6278
15162,244,23,0.8664
869,242,17,0.9090
3503,242,17,0.8900
4414,242,17,0.8205
6289,242,17,0.7900
6495,242,17,0.6450
6970,242,17,0.7997
7455,242,17,0.9408
8191,242,17,0.9411
12556,242,17,0.9471
15154,242,17,0.8462
38,244,23,0.2024
1199,244,23,0.5946
2967,244,23,0.8527
4813,244,23,0.8518
5383,244,23,0.7780
6363,244,23,0.7820
6993,244,23,0.5332
7762,244,23,0.7935
10696,244,23,0.7928
13358,244,23,0.7157
2112,242,17,0.9419
2836,242,17,0.9319
3053,242,17,0.5219
9265,242,17,0.8997
9995,242,17,0.7805
10626,242,17,0.5182
10932,242,17,0.6914
12281,242,17,0.9137
13133,242,17,0.7209
15453,242,17,0.3804
3524,244,23,0.7512
4369,244,23,0.1496
235,242,17,0.8975
4041,242,17,0.9265
5127,242,17,0.7846
6372,242,17,0.9309
12324,242,17,0.7349
13000,242,17,0.4631
13619,242,17,0.7870
15088,242,17,0.7714
15357,242,17,0.3750
1227,244,23,0.7676
1426,244,23,0.8492
5002,244,23,0.7270
7076,244,23,0.8747
11078,244,23,0.9049
12032,244,23,0.7781
13112,244,23,0.7129
14336,244,23,0.7958
14689,244,23,0.7426
15125,244,23,0.8067
393,242,93,0.5436
3683,242,93,0.9119
4776,242,93,0.9294
5549,242,93,0.5891
7016,242,93,0.5069
7745,242,93,0.3817
7912,242,93,0.5651
8575,242,93,0.9070
10540,242,93,0.9425
15115,242,93,0.5334
895,244,23,0.3228
3341,244,23,0.3836
5681,244,23,0.6864
6777,244,23,0.8941
8934,244,23,0.9125
9605,244,23,0.9448
10224,244,23,0.8803
12645,244,23,0.7528
12849,244,23,0.9122
15227,244,23,0.9029
3119,242,93,0.7580
4214,242,93,0.9321
6702,242,93,0.7095
10967,242,93,0.4275
11856,242,93,0.5331
12015,242,93,0.5917
13922,242,93,0.5041
14704,242,93,0.4462
14774,242,93,0.4265
15612,242,93,0.7579
690,244,23,0.9124
4457,244,23,0.3811
4757,244,23,0.0831
2493,242,23,0.8101
5763,242,23,0.6270
4674,244,23,0.7552
9583,244,23,0.3044
3747,244,23,0.3207
14503,244,23,0.5794
3394,244,23,0.8428
5536,244,23,0.8363
7291,244,23,0.6924
10172,244,23,0.4776
11635,244,23,0.4446
12249,244,23,0.8570
13999,244,23,0.4635
15109,244,23,0.8352
1434,244,23,0.2846
12631,244,23,0.4208
1848,244,23,0.3301
2437,244,23,0.4340
4573,244,23,0.3858
7185,244,23,0.2827
8356,244,23,0.1398
9888,244,23,0.2222
10443,244,23,0.1581
11693,244,23,0.6977
12040,244,23,0.5642
15238,244,23,0.4184
504,244,23,0.2809
1043,244,23,0.3667
2019,244,23,0.4664
2534,244,23,0.8525
3854,244,23,0.0834
4727,244,23,0.5181
10281,244,23,0.2495
10610,244,23,0.2696
11891,244,23,0.2553
14298,244,23,0.8970
139,244,23,0.8068
4997,244,23,0.4504
5054,244,23,0.0885
8147,244,23,0.9200
12292,244,23,0.9376
12568,244,23,0.0938
12980,244,23,0.8670
13183,244,23,0.1218
14125,244,23,0.3268
14419,244,23,0.6811
12451,244,23,0.7189
13016,244,23,0.7736
14406,244,23,0.6894
14671,244,23,0.2181
9499,244,23,0.7068
15617,244,23,0.7531
3234,244,23,0.3689
3798,244,23,0.5673
4633,244,23,0.7539
5289,244,23,0.2560
11418,244,23,0.4074
14030,244,23,0.5589
759,244,23,0.2057
5429,244,23,0.6595
7572,244,23,0.7696
10675,244,23,0.7704
11817,244,23,0.5257
12538,244,23,0.7661
12709,244,23,0.7755
15023,244,23,0.5749
651,244,23,0.2684
1142,244,23,0.5734
4102,244,23,0.8503
4616,244,23,0.7702
12872,244,23,0.8221
14659,244,23,0.8402
15417,244,23,0.4812
10134,244,23,0.4009
14309,244,23,0.3512
934,244,23,0.6596
5064,244,23,0.2250
9858,244,23,0.7329
12468,244,23,0.6411
12892,244,23,0.7855
13171,244,23,0.8086
13406,244,23,0.7670
15557,244,23,0.6084
7067,244,23,0.7288
13889,244,23,0.6022
1513,244,23,0.5831
4567,244,23,0.7337
5862,244,23,0.7835
10867,244,23,0.7994
11456,244,23,0.8117
1880,244,23,0.3246
8564,244,23,0.4425
9453,244,23,0.6837
9559,244,23,0.7773
10425,244,23,0.6854
15512,244,23,0.3662
2935,244,23,0.4639
8126,244,23,0.8495
418,244,23,0.5071
10588,244,23,0.1161
10888,244,23,0.8971
12816,244,23,0.8868
64,244,23,0.7044
1019,244,23,0.7346
1690,244,23,0.7890
6319,244,23,0.2885
11143,244,23,0.7912
11184,244,23,0.5247
12115,244,23,0.7734
13685,244,23,0.8006
14040,244,23,0.7990
14548,244,23,0.4592
3432,244,23,0.1940
6598,244,23,0.7110
6695,244,23,0.3224
9399,244,23,0.6791
10941,244,23,0.7673
12065,244,23,0.5777
13563,244,23,0.6459
22,244,23,0.6282
1612,244,23,0.2345
6554,244,23,0.8538
11897,244,23,0.6286
11914,244,23,0.4351
15076,244,23,0.7083
1999,244,23,0.2452
8742,244,23,0.5064
8778,244,23,0.7801
12741,244,23,0.7893
14477,244,23,0.5301
3099,244,23,0.6726
10758,244,23,0.7235
1161,244,23,0.6131
4682,244,23,0.7811
5969,244,23,0.3175
5992,244,23,0.7446
7933,244,23,0.5868
8041,244,23,0.4746
15155,244,23,0.2823
11213,244,23,0.7324
15304,244,23,0.1164
3360,244,23,0.3365
14991,244,23,0.3331
2082,244,23,0.7456
4053,244,23,0.7352
4858,244,23,0.7145
6519,244,23,0.7425
6942,244,23,0.2535
8736,244,23,0.7524
10784,244,23,0.5078
12762,244,23,0.7725
13634,244,23,0.7414
14560,244,23,0.7829
2179,244,107,0.6668
2736,244,107,0.7660
8886,244,107,0.7728
8952,244,107,0.4591
10522,244,107,0.4835
12429,244,107,0.8098
12772,244,107,0.8178
14176,244,107,0.8188
15312,244,107,0.8217
15616,244,107,0.8219
362,244,43,0.3909
1053,244,43,0.7997
4216,244,43,0.2740
6636,244,43,0.8043
9691,244,43,0.7845
10959,244,43,0.7786
11443,244,43,0.7292
12154,244,43,0.7455
13803,244,43,0.7606
14859,244,43,0.1979
8861,244,23,0.3409
925,244,43,0.5869
4606,244,43,0.7880
6007,244,43,0.3024
7748,244,43,0.7623
7795,244,43,0.6841
9064,244,43,0.7811
4393,244,43,0.2429
5701,244,43,0.7742
6239,244,43,0.7971
6856,244,43,0.2727
7302,244,43,0.7802
9277,244,43,0.3732
10213,244,43,0.7132
11872,244,43,0.7624
13854,244,43,0.6983
5265,244,43,0.3295
12076,244,43,0.5226
15619,244,43,0.8008
15620,244,43,0.8151
490,244,43,0.2520
3504,244,43,0.3140
9116,244,43,0.2414
9819,244,43,0.6072
10882,244,43,0.8758
11755,244,43,0.7811
13227,244,43,0.8522
10,244,43,0.2053
1933,244,43,0.2216
4639,244,43,0.7798
7939,244,43,0.7484
185,244,43,0.6579
2647,244,43,0.7746
6512,244,43,0.4045
7888,244,43,0.8075
8449,244,43,0.7823
8674,244,43,0.2819
8966,244,43,0.7760
9443,244,43,0.7379
14975,244,43,0.6999
15570,244,43,0.8010
327,244,17,0.5460
2295,244,17,0.1934
2507,244,17,0.8157
5244,244,17,0.4484
7309,244,17,0.7189
7836,244,17,0.2126
8974,244,17,0.1871
9875,244,17,0.3390
11026,244,17,0.7627
11527,244,17,0.7255
2310,244,17,0.8098
7150,244,17,0.1918
11289,244,17,0.7966
15621,244,17,0.5906
1872,244,17,0.3074
9676,244,17,0.7621
11099,244,17,0.7975
13067,244,17,0.1925
1367,244,17,0.5468
5723,244,17,0.1965
10911,244,17,0.8222
13839,244,17,0.7199
6717,244,17,0.1858
8132,244,17,0.3063
8177,244,17,0.1684
260,244,17,0.5976
1888,244,17,0.7618
3760,244,17,0.7009
10400,244,17,0.7376
11927,244,17,0.4458
13104,244,17,0.5027
13240,244,17,0.8824
14865,244,17,0.4795
15120,244,17,0.6119
15563,244,17,0.8642
8117,244,93,0.3064
15469,244,93,0.6054
968,244,93,0.6955
1760,244,93,0.7111
2797,244,93,0.3132
4015,244,93,0.6999
5505,244,93,0.6266
9620,244,93,0.5805
10526,244,93,0.7079
12058,244,93,0.7997
14086,244,93,0.8035
15040,244,93,0.8089
135,244,132,0.8164
2456,244,132,0.6283
3368,244,132,0.2722
4331,244,132,0.2097
5662,244,132,0.7944
8830,244,132,0.8991
9035,244,132,0.8888
10960,244,132,0.6189
12066,244,132,0.7629
15623,244,132,0.4466
1661,244,132,0.8223
3876,244,132,0.2803
7406,244,132,0.8761
8465,244,132,0.6722
8845,244,132,0.9082
8862,244,132,0.9310
10576,244,132,0.9238
14276,244,132,0.6561
14383,244,132,0.6404
15558,244,132,0.8781
7292,244,23,0.5502
12116,244,23,0.2924
2262,244,23,0.7594
2278,244,23,0.8262
5550,244,23,0.3899
13712,244,23,0.2886
14954,244,23,0.9202
814,244,23,0.8433
3039,244,23,0.8514
3531,244,23,0.3394
3602,244,23,0.7367
5537,244,23,0.9362
9338,244,23,0.3917
131,244,23,0.7678
363,244,23,0.1117
6059,244,23,0.8680
7845,244,23,0.9080
8392,244,23,0.8522
8642,244,23,0.8519
8714,244,23,0.9380
12161,244,23,0.9436
12873,244,23,0.9420
14636,244,23,0.8374
157,244,23,0.9386
2056,244,23,0.7758
6857,244,23,0.7802
7094,244,23,0.1582
12345,244,23,0.9466
12884,244,23,0.3729
15016,244,23,0.8996
2362,244,23,0.1718
6118,244,23,0.2242
14539,244,23,0.7979
140,244,23,0.6554
1004,244,23,0.8127
2062,244,23,0.6352
4758,244,23,0.8821
4914,244,23,0.9167
3560,244,23,0.3840
4583,244,23,0.7320
10484,244,23,0.2759
2024,244,23,0.8246
3379,244,23,0.6952
6410,244,23,0.9185
7713,244,23,0.9198
7992,244,23,0.2576
11087,244,23,0.9162
12937,244,23,0.9358
6873,244,23,0.6476
14355,244,23,0.8156
11,244,23,0.7228
1721,244,23,0.2551
3735,244,23,0.3283
10873,244,23,0.8940
1752,244,23,0.5537
2252,244,23,0.6559
11769,244,23,0.6626
14076,244,23,0.9144
14983,244,23,0.9350
15320,244,23,0.7752
3329,244,23,0.7633
4483,244,23,0.8336
8666,244,23,0.8847
9859,244,23,0.7563
12914,244,23,0.6621
14438,244,23,0.7902
5611,244,23,0.4107
12124,244,23,0.4683
6273,244,23,0.7398
11140,244,23,0.5281
11457,244,23,0.7629
14420,244,23,0.6538
663,244,23,0.7866
1780,244,23,0.6332
1950,244,23,0.8641
3658,244,23,0.1778
8756,244,23,0.8859
9584,244,23,0.8801
11494,244,23,0.8541
14319,244,23,0.2845
15363,244,23,0.7555
3487,244,23,0.7403
7369,244,23,0.3790
9216,244,23,0.3255
1337,244,23,0.1983
6718,244,23,0.9180
10016,244,23,0.9069
13184,244,23,0.9105
13200,244,23,0.9325
14478,244,23,0.8966
15618,244,23,0.9279
328,244,23,0.7096
4469,244,23,0.6990
9752,244,23,0.5284
10611,244,23,0.2193
12955,244,23,0.9252
12981,244,23,0.9329
13819,244,23,0.9331
14817,244,23,0.9013
2170,244,23,0.7839
4628,244,23,0.5227
7700,244,23,0.9136
8475,244,23,0.9407
9955,244,23,0.9427
10541,244,23,0.9480
12205,244,23,0.9157
12704,244,23,0.9464
13720,244,23,0.8768
14488,244,23,0.9340
1628,244,23,0.0574
3312,244,23,0.8250
12174,244,23,0.9233
3025,244,23,0.3355
3581,244,23,0.7179
6051,244,23,0.7646
8590,244,23,0.0643
11384,244,23,0.7416
15325,244,23,0.9324
7808,244,23,0.8576
13787,244,23,0.0929
15622,244,23,0.7768
3855,244,23,0.8289
5649,244,23,0.9086
6092,244,23,0.8712
6268,244,23,0.9198
6964,244,23,0.9313
7658,244,23,0.1101
10387,244,23,0.5921
3952,244,23,0.1089
5039,244,23,0.5954
12469,244,23,0.8253
14790,244,23,0.9282
475,244,23,0.7879
3742,244,23,0.8889
4510,244,23,0.9124
7595,244,23,0.9074
9865,244,23,0.3063
11702,244,23,0.8799
13261,244,23,0.9289
14494,244,23,0.9229
1132,244,23,0.4624
5750,244,23,0.8229
11636,244,23,0.6076
13318,244,23,0.0807
14759,244,23,0.5012
951,244,23,0.5637
13366,244,23,0.5795
13650,244,23,0.8736
15212,244,23,0.1559
403,244,23,0.5837
4675,244,23,0.5926
14521,244,23,0.4618
15098,244,23,0.8997
1442,244,23,0.8079
3479,244,23,0.9188
4537,244,23,0.9316
9834,244,23,0.8374
12795,244,23,0.1860
13604,244,23,0.8695
65,244,23,0.2253
1830,244,23,0.1550
3643,244,23,0.2398
6887,244,23,0.3508
11873,244,23,0.5961
12850,244,23,0.4686
13142,244,23,0.2189
2185,244,23,0.2620
4370,244,23,0.1943
9806,244,23,0.6949
14219,244,23,0.1457
8214,244,23,0.7323
14708,244,23,0.7438
9563,244,23,0.6885
15498,244,23,0.7628
2751,244,23,0.7485
3347,244,23,0.8611
7230,244,23,0.4584
8133,244,23,0.3799
8289,244,23,0.8309
11535,244,23,0.2995
12106,244,23,0.6332
14396,244,23,0.4580
15192,244,23,0.7568
15279,244,23,0.8432
23,244,23,0.8517
859,244,23,0.8984
5332,244,23,0.9464
8228,244,23,0.9358
9323,244,23,0.9393
9614,244,23,0.9273
10736,244,23,0.1702
11941,244,23,0.5850
13967,244,23,0.1343
15366,244,23,0.9219
1901,244,23,0.1554
3505,244,23,0.1419
13113,244,23,0.4958
15244,244,23,0.6084
1804,244,23,0.5967
3906,244,23,0.7276
3962,244,23,0.7552
5469,244,23,0.6470
6628,244,23,0.5835
7341,244,23,0.2120
7722,244,23,0.7191
9532,244,23,0.7524
10152,244,23,0.8097
15034,244,23,0.2587
914,244,23,0.6690
1435,244,23,0.3066
12909,244,23,0.4879
5056,244,23,0.7081
15264,244,23,0.1853
1143,244,23,0.3539
5993,244,23,0.7680
8545,244,23,0.4092
11092,244,23,0.5682
11933,244,23,0.5312
13286,244,23,0.3461
5853,244,23,0.2252
8121,244,23,0.1918
2618,244,23,0.5474
2986,244,23,0.8427
4250,244,23,0.8971
6994,244,23,0.5382
10562,244,23,0.3377
1550,244,23,0.5770
1558,244,23,0.2900
4160,244,23,0.8111
6342,244,23,0.4369
11072,244,23,0.7294
1906,244,23,0.7545
2225,244,23,0.9085
2334,244,23,0.9223
5675,244,23,0.5476
8935,244,23,0.8937
8958,244,23,0.7658
10202,244,23,0.9402
10509,244,23,0.9439
11413,244,23,0.9412
15527,244,23,0.9295
5707,244,23,0.7726
9175,244,23,0.9097
10798,244,23,0.2598
13107,244,23,0.9204
39,244,23,0.6357
7099,244,23,0.3524
9296,244,23,0.4550
9692,244,23,0.3182
12329,244,23,0.6110
1370,244,23,0.7869
8222,244,23,0.6329
13897,244,23,0.4608
15462,244,23,0.2823
1394,244,23,0.2256
1575,244,23,0.9127
2759,244,23,0.8718
10650,244,23,0.8611
10926,244,23,0.9146
12357,244,23,0.1025
590,244,23,0.4064
1702,244,23,0.7075
3519,244,23,0.7880
4126,244,23,0.2259
7429,244,23,0.5109
8178,244,23,0.4737
9092,244,23,0.3643
10126,244,23,0.7953
12617,244,23,0.7519
15310,244,23,0.2674
680,244,23,0.4085
1184,244,23,0.5668
1810,244,23,0.7421
4357,244,23,0.9113
5494,244,23,0.5254
5577,244,23,0.9047
7466,244,23,0.8278
7518,244,23,0.8114
12710,244,23,0.8091
14499,244,23,0.8729
3471,244,23,0.9421
7978,244,23,0.8518
9104,244,23,0.6350
9406,244,23,0.6023
10023,244,23,0.4900
10417,244,23,0.9141
11858,244,23,0.4631
12224,244,23,0.8960
13134,244,23,0.7242
13377,244,23,0.0680
1020,244,23,0.7226
2590,244,23,0.9271
10409,244,23,0.9223
10475,244,23,0.6136
11471,244,23,0.1369
11500,244,23,0.8774
12817,244,23,0.0535
13301,244,23,0.9226
14236,244,23,0.9205
15002,244,23,0.9321
3748,244,23,0.8230
5667,244,23,0.7877
6012,244,23,0.1627
6647,244,23,0.7724
6792,244,23,0.8189
7635,244,23,0.2394
11347,244,23,0.8831
12639,244,23,0.5085
13083,244,23,0.7531
14282,244,23,0.8172
1358,244,23,0.9375
2008,244,23,0.8374
3997,244,23,0.9439
6477,244,23,0.5056
8510,244,23,0.4210
10898,244,23,0.8119
11274,244,23,0.1195
12528,244,23,0.7685
12742,244,23,0.8311
14617,244,23,0.9247
5193,244,23,0.9452
7837,244,23,0.7745
8384,244,23,0.9401
10953,244,23,0.7913
11059,244,23,0.9404
12095,244,23,0.9450
12987,244,23,0.9272
13253,244,23,0.9326
13520,244,23,0.7790
14004,244,23,0.8992
796,244,23,0.8969
1527,244,23,0.9435
1711,244,23,0.6521
4814,244,23,0.9332
6915,244,23,0.7794
7357,244,23,0.9344
8154,244,23,0.8326
12425,244,23,0.9015
12503,244,23,0.7872
15522,244,23,0.7052
876,244,23,0.9281
946,244,23,0.6670
1115,244,23,0.5782
2410,244,23,0.0693
6531,244,23,0.8306
10310,244,23,0.7193
12082,244,23,0.7368
12778,244,23,0.7262
13681,244,23,0.9195
13867,244,23,0.3020
1889,244,23,0.2907
3252,244,23,0.1169
3804,244,23,0.7685
5200,244,23,0.8501
7361,244,23,0.8436
10225,244,23,0.8900
10327,244,23,0.7608
10768,244,23,0.9187
13726,244,23,0.9236
15571,244,23,0.8108
1485,244,23,0.3985
1636,244,23,0.8692
1776,244,23,0.8759
6364,244,23,0.9071
9138,244,23,0.1032
9198,244,23,0.6088
10042,244,23,0.1268
10246,244,23,0.1118
11202,244,23,0.8549
11250,244,23,0.5764
672,244,23,0.8058
2089,244,23,0.3438
3151,244,23,0.5220
5962,244,23,0.6154
6820,244,23,0.4188
9454,244,23,0.1381
11975,244,23,0.1513
13337,244,23,0.8787
14685,244,23,0.1065
14699,244,23,0.4662
2020,244,23,0.5697
4144,244,23,0.8840
8161,244,23,0.9286
10135,244,23,0.8764
11123,244,23,0.7602
12240,244,23,0.7846
13490,244,23,0.7110
14365,244,23,0.9310
14722,244,23,0.6860
15289,244,23,0.6499
1427,244,23,0.0742
1535,244,23,0.9166
1726,244,23,0.6710
760,244,132,0.3408
4607,244,132,0.2415
4952,244,132,0.3950
6828,244,132,0.7593
8646,244,132,0.8013
11581,244,132,0.7928
11587,244,132,0.8115
11986,244,132,0.8118
12349,244,132,0.8175
14881,244,132,0.7395
298,244,23,0.2006
601,244,23,0.5989
1344,244,23,0.4794
1509,244,23,0.6959
4982,244,23,0.7594
7826,244,23,0.9315
8021,244,23,0.6522
8421,244,23,0.9240
10112,244,23,0.6970
10169,244,23,0.9271
558,244,23,0.9217
896,244,23,0.6696
1785,244,23,0.2495
3441,244,23,0.9375
5529,244,23,0.9198
5891,244,23,0.8834
9545,244,23,0.9015
11322,244,23,0.9189
14595,244,23,0.9318
15059,244,23,0.2848
805,244,23,0.4467
2260,244,23,0.8557
3100,244,23,0.5101
10868,244,23,0.3138
12459,244,23,0.2571
14463,244,23,0.8444
289,244,93,0.7642
1841,244,93,0.6749
2376,244,93,0.9090
4382,244,93,0.7784
9041,244,93,0.7140
9491,244,93,0.9221
9796,244,93,0.5989
10344,244,93,0.9295
15082,244,93,0.4269
15624,244,93,0.6788
